generation,rank_1,rank_2,swapAccepted
1000,3,4,1
2000,2,4,0
3000,2,3,1
4000,1,3,1
5000,2,3,0
6000,1,2,1
7000,1,2,1
8000,1,3,0
9000,2,3,0
10000,1,2,1
11000,1,4,1
12000,2,4,1
13000,2,3,0
14000,1,2,1
15000,2,3,0
16000,1,2,1
17000,3,4,0
18000,2,3,0
19000,1,3,0
20000,2,4,0
21000,3,4,1
22000,1,4,0
23000,1,3,0
24000,2,4,0
25000,1,2,1
26000,1,4,0
27000,2,4,0
28000,2,4,0
29000,3,4,0
30000,1,3,0
31000,1,4,0
32000,1,3,0
33000,3,4,0
34000,1,4,0
35000,1,4,0
36000,2,3,1
37000,1,2,0
38000,1,3,0
39000,1,3,0
40000,2,4,1
41000,1,3,0
42000,2,3,1
43000,3,4,0
44000,1,4,0
45000,1,2,0
46000,1,2,0
47000,2,4,1
48000,1,4,0
49000,1,2,0
50000,1,3,0
51000,1,4,0
52000,1,4,0
53000,1,3,0
54000,2,3,1
55000,1,4,0
56000,2,4,1
57000,1,3,0
58000,3,4,0
59000,2,3,0
60000,2,4,0
61000,1,2,0
62000,1,3,0
63000,1,3,0
64000,2,3,0
65000,3,4,0
66000,2,3,0
67000,3,4,0
68000,1,4,0
69000,2,4,0
70000,1,4,0
71000,2,3,0
72000,3,4,0
73000,1,3,0
74000,1,4,0
75000,1,2,0
76000,2,3,0
77000,2,4,0
78000,1,4,0
79000,1,2,0
80000,3,4,1
81000,2,4,0
82000,1,3,0
83000,1,4,0
84000,2,4,0
85000,1,2,0
86000,3,4,0
87000,3,4,0
88000,3,4,0
89000,1,4,0
90000,1,4,0
91000,1,4,0
92000,1,2,1
93000,2,3,0
94000,3,4,0
95000,1,2,0
96000,1,3,0
97000,1,4,0
98000,2,4,0
99000,3,4,0
100000,2,3,0
101000,2,3,1
102000,1,4,0
103000,3,4,0
104000,1,4,0
105000,1,2,0
106000,3,4,0
107000,2,4,0
108000,1,2,0
109000,3,4,0
110000,1,3,0
111000,3,4,0
112000,2,4,0
113000,1,4,0
114000,2,4,1
115000,1,4,0
116000,1,3,0
117000,2,3,1
118000,2,4,1
119000,2,3,1
120000,1,2,0
121000,3,4,1
122000,2,3,0
123000,2,3,0
124000,2,4,0
125000,1,4,0
126000,2,4,0
127000,1,3,0
128000,2,3,0
129000,1,4,0
130000,1,4,0
131000,1,3,0
132000,1,4,0
133000,1,2,0
134000,2,3,0
135000,2,3,1
136000,1,3,0
137000,2,4,0
138000,1,3,0
139000,3,4,0
140000,1,4,0
141000,2,4,0
142000,2,3,1
143000,1,2,0
144000,1,3,0
145000,2,3,0
146000,1,4,0
147000,1,4,0
148000,2,3,0
149000,1,4,0
150000,1,3,0
151000,1,3,0
152000,2,3,0
153000,1,2,0
154000,2,4,0
155000,1,3,0
156000,2,4,0
157000,1,2,0
158000,1,4,0
159000,1,4,0
160000,1,3,0
161000,2,4,0
162000,2,4,0
163000,1,3,0
164000,2,4,0
165000,2,4,0
166000,2,3,0
167000,2,3,0
168000,1,2,0
169000,1,3,0
170000,1,4,0
171000,1,3,0
172000,1,2,0
173000,1,2,0
174000,1,4,0
175000,1,4,0
176000,1,2,0
177000,2,3,0
178000,2,3,0
179000,2,4,0
180000,1,3,0
181000,2,4,0
182000,2,3,0
183000,3,4,0
184000,3,4,1
185000,2,3,0
186000,1,3,0
187000,1,3,0
188000,1,4,0
189000,1,4,0
190000,3,4,0
191000,1,3,0
192000,1,3,0
193000,2,3,0
194000,1,3,0
195000,1,3,0
196000,3,4,0
197000,1,4,0
198000,3,4,1
199000,2,4,0
200000,1,2,0
201000,2,4,0
202000,1,4,0
203000,1,2,0
204000,1,4,0
205000,3,4,1
206000,1,2,0
207000,1,2,0
208000,1,4,0
209000,1,3,0
210000,1,4,0
211000,2,3,0
212000,2,4,0
213000,1,4,0
214000,1,4,0
215000,3,4,0
216000,1,2,0
217000,1,4,0
218000,1,3,0
219000,3,4,0
220000,1,4,0
221000,3,4,0
222000,2,4,0
223000,1,3,0
224000,2,4,0
225000,1,2,0
226000,1,2,0
227000,1,4,0
228000,1,2,0
229000,1,2,0
230000,1,2,0
231000,1,4,0
232000,1,3,0
233000,1,4,0
234000,2,3,0
235000,1,4,0
236000,2,4,0
237000,1,4,0
238000,1,2,0
239000,2,4,0
240000,1,4,0
241000,2,4,0
242000,1,2,0
243000,1,3,0
244000,2,4,0
245000,1,3,0
246000,3,4,0
247000,1,3,0
248000,1,2,0
249000,1,2,0
250000,1,3,0
251000,2,3,0
252000,1,2,0
253000,1,3,0
254000,1,4,0
255000,1,2,0
256000,1,3,0
257000,2,4,0
258000,3,4,0
259000,1,3,0
260000,2,4,0
261000,2,4,0
262000,1,3,0
263000,1,4,0
264000,1,2,0
265000,2,4,0
266000,3,4,0
267000,2,3,0
268000,3,4,0
269000,2,4,0
270000,2,3,0
271000,3,4,0
272000,1,4,0
273000,2,3,0
274000,1,3,0
275000,2,4,0
276000,1,4,0
277000,1,2,0
278000,1,3,0
279000,2,4,0
280000,1,3,0
281000,1,2,0
282000,1,4,0
283000,1,4,0
284000,3,4,0
285000,2,3,0
286000,1,4,0
287000,3,4,0
288000,1,2,0
289000,1,3,0
290000,2,4,0
291000,1,3,0
292000,2,3,0
293000,1,4,0
294000,2,4,0
295000,2,4,0
296000,1,2,0
297000,2,3,0
298000,1,3,0
299000,2,4,0
300000,1,3,0
301000,1,4,0
302000,1,2,0
303000,1,2,0
304000,1,2,0
305000,1,2,0
306000,2,3,0
307000,1,4,0
308000,2,3,0
309000,2,3,0
310000,3,4,0
311000,3,4,0
312000,2,4,0
313000,3,4,0
314000,1,2,0
315000,3,4,0
316000,1,3,0
317000,2,3,0
318000,1,3,0
319000,3,4,0
320000,1,4,0
321000,2,4,0
322000,2,4,0
323000,1,2,0
324000,2,4,0
325000,1,4,0
326000,2,4,0
327000,2,4,0
328000,1,3,0
329000,1,2,0
330000,2,4,0
331000,3,4,0
332000,1,2,0
333000,2,3,0
334000,1,3,0
335000,1,3,0
336000,2,3,0
337000,1,4,0
338000,1,4,0
339000,1,3,0
340000,1,3,0
341000,2,4,0
342000,3,4,0
343000,1,3,0
344000,1,3,0
345000,1,4,0
346000,1,4,0
347000,1,4,0
348000,1,3,0
349000,3,4,0
350000,1,4,0
351000,1,4,0
352000,1,3,0
353000,1,2,0
354000,1,4,0
355000,1,4,0
356000,2,3,0
357000,1,3,0
358000,2,4,0
359000,2,4,0
360000,1,4,0
361000,2,4,0
362000,3,4,0
363000,3,4,0
364000,2,3,0
365000,3,4,0
366000,1,4,0
367000,1,4,0
368000,2,3,0
369000,3,4,0
370000,3,4,0
371000,2,3,0
372000,2,3,0
373000,2,3,0
374000,2,4,0
375000,2,3,0
376000,1,2,0
377000,1,3,0
378000,1,2,0
379000,2,4,0
380000,1,2,0
381000,2,3,0
382000,2,4,0
383000,3,4,0
384000,1,3,0
385000,1,4,0
386000,1,2,0
387000,2,4,0
388000,1,2,0
389000,1,3,0
390000,2,4,0
391000,1,4,0
392000,1,2,0
393000,1,4,0
394000,2,3,0
395000,3,4,0
396000,2,3,0
397000,2,4,0
398000,1,4,0
399000,1,2,0
400000,3,4,0
401000,1,2,0
402000,3,4,0
403000,2,3,0
404000,3,4,0
405000,2,3,0
406000,1,3,0
407000,2,4,0
408000,2,4,0
409000,2,4,0
410000,1,2,0
411000,1,4,0
412000,2,4,0
413000,2,3,0
414000,2,4,0
415000,1,2,0
416000,2,4,0
417000,3,4,0
418000,2,3,0
419000,1,3,0
420000,2,4,0
421000,3,4,0
422000,1,2,0
423000,2,3,0
424000,1,4,0
425000,3,4,0
426000,2,4,0
427000,1,2,0
428000,1,2,0
429000,2,4,0
430000,3,4,0
431000,2,4,0
432000,2,3,0
433000,2,4,0
434000,1,2,0
435000,2,3,0
436000,1,4,0
437000,1,2,0
438000,2,3,0
439000,3,4,0
440000,1,4,0
441000,1,4,0
442000,2,3,0
443000,3,4,0
444000,3,4,0
445000,1,3,0
446000,2,4,0
447000,1,2,0
448000,1,2,0
449000,2,4,0
450000,2,3,0
451000,3,4,0
452000,1,3,0
453000,3,4,0
454000,1,3,0
455000,2,3,0
456000,2,4,0
457000,2,3,0
458000,1,2,0
459000,1,2,0
460000,1,4,0
461000,1,3,0
462000,2,4,0
463000,2,3,0
464000,1,2,0
465000,1,2,0
466000,1,2,0
467000,1,4,0
468000,1,4,0
469000,1,4,0
470000,3,4,0
471000,1,4,0
472000,2,4,0
473000,3,4,0
474000,1,2,0
475000,1,3,0
476000,1,2,0
477000,1,3,0
478000,2,4,0
479000,2,3,0
480000,3,4,0
481000,2,3,0
482000,3,4,0
483000,2,3,0
484000,2,3,0
485000,2,4,0
486000,2,4,0
487000,1,3,0
488000,1,4,0
489000,3,4,0
490000,1,2,0
491000,2,4,0
492000,1,3,0
493000,1,2,0
494000,1,2,0
495000,1,2,0
496000,1,3,0
497000,1,4,0
498000,2,4,0
499000,2,3,0
500000,1,3,0
501000,1,2,0
502000,1,3,0
503000,3,4,0
504000,1,4,0
505000,2,3,0
506000,1,4,0
507000,2,3,0
508000,1,4,0
509000,3,4,0
510000,1,3,0
511000,1,4,0
512000,1,3,0
513000,2,4,0
514000,2,3,0
515000,3,4,0
516000,3,4,0
517000,1,2,0
518000,2,4,0
519000,1,2,0
520000,3,4,0
521000,3,4,0
522000,3,4,0
523000,1,4,0
524000,1,2,0
525000,1,3,0
526000,2,4,0
527000,1,3,0
528000,1,4,0
529000,2,3,0
530000,1,2,0
531000,1,4,0
532000,3,4,0
533000,3,4,0
534000,3,4,0
535000,2,4,0
536000,3,4,0
537000,3,4,0
538000,2,4,0
539000,2,4,0
540000,1,3,0
541000,2,3,0
542000,1,2,0
543000,2,4,0
544000,2,3,0
545000,1,4,0
546000,1,2,0
547000,1,4,0
548000,1,4,0
549000,1,4,0
550000,1,4,0
551000,3,4,0
552000,1,3,0
553000,1,4,0
554000,3,4,0
555000,2,4,0
556000,1,4,0
557000,3,4,0
558000,2,3,0
559000,2,3,0
560000,1,3,0
561000,2,3,0
562000,2,3,0
563000,2,4,0
564000,1,2,0
565000,2,3,0
566000,2,3,0
567000,2,4,0
568000,2,4,0
569000,2,3,0
570000,1,3,0
571000,2,3,0
572000,3,4,0
573000,2,3,0
574000,2,3,0
575000,2,4,0
576000,1,4,0
577000,1,4,0
578000,3,4,0
579000,2,4,0
580000,3,4,0
581000,2,3,0
582000,1,3,0
583000,3,4,0
584000,3,4,0
585000,1,3,0
586000,2,4,0
587000,2,3,0
588000,1,4,0
589000,1,4,0
590000,1,3,0
591000,2,4,0
592000,1,2,0
593000,1,3,0
594000,1,3,0
595000,1,2,0
596000,3,4,0
597000,1,3,0
598000,2,4,0
599000,2,3,0
600000,1,3,0
601000,1,4,0
602000,2,4,0
603000,1,3,0
604000,2,4,0
605000,2,3,0
606000,1,4,0
607000,2,3,0
608000,1,3,0
609000,1,3,0
610000,1,4,0
611000,1,4,0
612000,3,4,0
613000,1,3,0
614000,1,3,0
615000,1,4,0
616000,1,2,0
617000,2,4,0
618000,3,4,0
619000,1,2,0
620000,2,4,0
621000,2,4,0
622000,1,4,0
623000,3,4,0
624000,1,4,0
625000,2,3,0
626000,2,4,0
627000,2,4,0
628000,1,2,0
629000,3,4,0
630000,1,4,0
631000,1,2,0
632000,2,4,0
633000,1,2,0
634000,1,4,0
635000,1,4,0
636000,2,3,0
637000,2,3,0
638000,1,3,0
639000,2,4,0
640000,1,2,0
641000,1,4,0
642000,3,4,0
643000,2,4,0
644000,2,4,0
645000,2,3,0
646000,1,2,0
647000,3,4,0
648000,3,4,0
649000,2,4,0
650000,1,3,0
651000,2,3,0
652000,1,3,0
653000,1,3,0
654000,1,3,0
655000,1,4,0
656000,2,4,0
657000,3,4,0
658000,1,2,0
659000,1,2,0
660000,2,4,0
661000,2,3,0
662000,3,4,0
663000,2,3,0
664000,1,2,0
665000,2,3,0
666000,1,3,0
667000,2,4,0
668000,3,4,0
669000,1,4,0
670000,1,4,0
671000,2,3,0
672000,2,3,0
673000,1,4,0
674000,1,4,0
675000,2,4,0
676000,1,4,0
677000,1,4,0
678000,1,4,0
679000,2,4,0
680000,1,2,0
681000,1,4,0
682000,1,2,0
683000,2,3,0
684000,2,3,0
685000,1,2,0
686000,1,4,0
687000,1,2,0
688000,1,3,0
689000,3,4,0
690000,1,4,0
691000,2,3,0
692000,1,4,0
693000,2,4,0
694000,1,3,0
695000,1,4,0
696000,3,4,0
697000,2,4,0
698000,2,4,0
699000,1,4,0
700000,1,2,0
701000,1,3,0
702000,3,4,0
703000,2,3,0
704000,1,2,0
705000,1,2,0
706000,1,4,0
707000,1,3,0
708000,3,4,0
709000,2,3,0
710000,2,3,0
711000,2,3,0
712000,2,3,0
713000,2,3,0
714000,1,3,0
715000,2,4,0
716000,2,4,0
717000,2,4,0
718000,3,4,0
719000,2,3,0
720000,3,4,0
721000,1,2,0
722000,1,4,0
723000,1,2,0
724000,2,3,0
725000,1,4,0
726000,3,4,0
727000,2,3,0
728000,1,4,0
729000,2,4,0
730000,3,4,0
731000,2,4,0
732000,1,3,0
733000,2,3,0
734000,1,3,0
735000,2,4,0
736000,1,3,0
737000,2,3,0
738000,2,3,0
739000,1,4,0
740000,2,4,0
741000,1,2,0
742000,1,3,0
743000,2,4,0
744000,1,3,0
745000,1,2,0
746000,1,4,0
747000,1,2,0
748000,1,4,0
749000,3,4,0
750000,2,3,0
751000,2,4,0
752000,2,3,0
753000,3,4,0
754000,1,2,0
755000,2,4,0
756000,2,4,0
757000,3,4,0
758000,1,2,0
759000,1,2,0
760000,1,4,0
761000,1,3,0
762000,1,4,0
763000,3,4,0
764000,2,4,0
765000,1,3,0
766000,1,2,0
767000,1,4,0
768000,1,3,0
769000,2,3,0
770000,2,3,0
771000,1,3,0
772000,1,4,0
773000,2,4,0
774000,1,2,0
775000,1,4,0
776000,3,4,0
777000,1,2,0
778000,1,2,0
779000,1,4,0
780000,1,2,0
781000,2,4,0
782000,2,4,0
783000,2,3,0
784000,1,2,0
785000,3,4,0
786000,3,4,0
787000,1,4,0
788000,1,2,0
789000,2,4,0
790000,2,4,0
791000,1,4,0
792000,3,4,0
793000,1,2,0
794000,1,3,0
795000,1,4,0
796000,1,3,0
797000,2,3,0
798000,1,2,0
799000,1,2,0
800000,3,4,0
801000,1,2,0
802000,1,4,0
803000,1,3,0
804000,1,3,0
805000,2,3,0
806000,1,3,0
807000,1,2,0
808000,3,4,0
809000,3,4,0
810000,2,3,0
811000,1,2,0
812000,2,4,0
813000,2,4,0
814000,2,4,0
815000,3,4,0
816000,1,4,0
817000,1,4,0
818000,1,4,0
819000,1,2,0
820000,2,4,0
821000,3,4,0
822000,3,4,0
823000,2,3,0
824000,1,2,0
825000,1,3,0
826000,1,3,0
827000,1,2,0
828000,1,4,0
829000,3,4,0
830000,3,4,0
831000,2,3,0
832000,1,3,0
833000,1,3,0
834000,1,4,0
835000,2,3,0
836000,2,4,0
837000,2,3,0
838000,1,2,0
839000,2,4,0
840000,1,3,0
841000,1,2,0
842000,2,3,0
843000,1,3,0
844000,3,4,0
845000,1,2,0
846000,1,2,0
847000,2,4,0
848000,2,4,0
849000,2,3,0
850000,3,4,0
851000,2,4,0
852000,1,3,0
853000,1,3,0
854000,1,2,0
855000,3,4,0
856000,2,4,0
857000,1,3,0
858000,1,2,0
859000,3,4,0
860000,1,4,0
861000,1,2,0
862000,2,4,0
863000,2,3,0
864000,3,4,0
865000,1,4,0
866000,2,3,0
867000,2,4,0
868000,2,4,0
869000,1,4,0
870000,3,4,0
871000,1,2,0
872000,3,4,0
873000,1,3,0
874000,3,4,0
875000,3,4,0
876000,3,4,0
877000,3,4,0
878000,1,2,0
879000,2,3,0
880000,2,3,0
881000,1,3,0
882000,3,4,0
883000,2,3,0
884000,3,4,0
885000,1,2,0
886000,1,2,0
887000,2,4,0
888000,1,4,0
889000,2,4,0
890000,3,4,0
891000,2,3,0
892000,1,4,0
893000,2,4,0
894000,1,2,0
895000,3,4,0
896000,2,4,0
897000,3,4,0
898000,1,2,0
899000,2,3,0
900000,1,4,0
901000,1,3,0
902000,1,4,0
903000,3,4,0
904000,2,3,0
905000,2,3,0
906000,2,3,0
907000,2,3,0
908000,3,4,0
909000,1,3,0
910000,1,3,0
911000,2,3,0
912000,2,3,0
913000,1,4,0
914000,1,3,0
915000,3,4,0
916000,2,4,0
917000,1,2,0
918000,2,3,0
919000,2,3,0
920000,3,4,0
921000,3,4,0
922000,3,4,0
923000,1,3,0
924000,1,4,0
925000,1,3,0
926000,2,3,0
927000,1,4,0
928000,1,3,0
929000,3,4,0
930000,3,4,0
931000,1,4,0
932000,2,3,0
933000,1,2,0
934000,1,3,0
935000,1,4,0
936000,1,4,0
937000,1,3,0
938000,2,4,0
939000,1,2,0
940000,1,2,0
941000,1,4,0
942000,3,4,0
943000,2,4,0
944000,1,2,0
945000,1,2,0
946000,2,4,0
947000,1,2,0
948000,2,4,0
949000,1,3,0
950000,1,3,0
951000,1,3,0
952000,1,3,0
953000,3,4,0
954000,2,3,0
955000,1,3,0
956000,1,4,0
957000,1,3,0
958000,2,4,0
959000,2,4,0
960000,1,4,0
961000,1,4,0
962000,3,4,0
963000,2,3,0
964000,1,4,0
965000,2,4,0
966000,3,4,0
967000,1,4,0
968000,2,4,0
969000,2,4,0
970000,1,2,0
971000,1,2,0
972000,3,4,0
973000,1,4,0
974000,1,4,0
975000,3,4,0
976000,2,4,0
977000,1,3,0
978000,2,4,0
979000,2,3,0
980000,3,4,0
981000,2,3,0
982000,2,3,0
983000,2,3,0
984000,3,4,0
985000,1,2,0
986000,2,4,0
987000,1,3,0
988000,1,3,0
989000,1,2,0
990000,2,4,0
991000,3,4,0
992000,2,3,0
993000,1,2,0
994000,2,4,0
995000,1,2,0
996000,1,4,0
997000,2,3,0
998000,2,3,0
999000,1,3,0
1000000,1,4,0
1001000,2,4,0
1002000,1,4,0
1003000,3,4,0
1004000,1,4,0
1005000,1,2,0
1006000,2,4,0
1007000,1,2,0
1008000,2,4,0
1009000,3,4,0
1010000,2,3,0
1011000,2,4,0
1012000,1,4,0
1013000,1,3,0
1014000,2,4,0
1015000,1,3,0
1016000,3,4,0
1017000,2,4,0
1018000,1,2,0
1019000,1,2,0
1020000,1,4,0
1021000,1,2,0
1022000,2,4,0
1023000,2,4,0
1024000,3,4,0
1025000,2,4,0
1026000,3,4,0
1027000,1,4,0
1028000,3,4,0
1029000,1,3,0
1030000,1,3,0
1031000,1,3,0
1032000,2,4,0
1033000,2,3,0
1034000,2,4,0
1035000,1,3,0
1036000,1,3,0
1037000,2,4,0
1038000,1,2,0
1039000,1,4,0
1040000,3,4,0
1041000,1,2,0
1042000,1,3,0
1043000,1,4,0
1044000,2,4,0
1045000,2,3,0
1046000,1,2,0
1047000,1,2,0
1048000,1,2,0
1049000,1,3,0
1050000,1,3,0
1051000,2,4,0
1052000,3,4,0
1053000,1,4,0
1054000,3,4,0
1055000,2,4,0
1056000,3,4,0
1057000,1,4,0
1058000,2,3,0
1059000,3,4,0
1060000,1,2,0
1061000,3,4,0
1062000,1,4,0
1063000,2,3,0
1064000,2,4,0
1065000,1,4,0
1066000,1,2,0
1067000,3,4,0
1068000,1,3,0
1069000,2,4,0
1070000,2,4,0
1071000,3,4,0
1072000,3,4,0
1073000,2,4,0
1074000,2,3,0
1075000,1,3,0
1076000,2,3,0
1077000,1,3,0
1078000,2,4,0
1079000,1,4,0
1080000,1,3,0
1081000,2,3,0
1082000,1,4,0
1083000,1,2,0
1084000,2,3,0
1085000,2,3,0
1086000,1,2,0
1087000,1,4,0
1088000,1,4,0
1089000,1,3,0
1090000,1,4,0
1091000,1,4,0
1092000,2,3,0
1093000,1,3,0
1094000,1,4,0
1095000,2,3,0
1096000,2,4,0
1097000,1,4,0
1098000,1,4,0
1099000,2,3,0
1100000,2,3,0
1101000,1,4,0
1102000,3,4,0
1103000,3,4,0
1104000,3,4,0
1105000,1,2,0
1106000,3,4,0
1107000,2,3,0
1108000,2,3,0
1109000,2,3,0
1110000,2,3,0
1111000,2,4,0
1112000,1,3,0
1113000,1,4,0
1114000,2,3,0
1115000,1,2,0
1116000,3,4,0
1117000,1,2,0
1118000,1,2,0
1119000,3,4,0
1120000,1,2,0
1121000,2,4,0
1122000,1,2,0
1123000,1,2,0
1124000,2,3,0
1125000,2,4,0
1126000,2,3,0
1127000,1,4,0
1128000,1,3,0
1129000,1,3,0
1130000,2,3,0
1131000,2,4,0
1132000,3,4,0
1133000,2,3,0
1134000,2,4,0
1135000,1,2,0
1136000,1,4,0
1137000,1,4,0
1138000,1,4,0
1139000,1,4,0
1140000,2,3,0
1141000,1,2,0
1142000,1,2,0
1143000,3,4,0
1144000,1,3,0
1145000,1,4,0
1146000,2,4,0
1147000,1,4,0
1148000,3,4,0
1149000,1,2,0
1150000,2,3,0
1151000,2,4,0
1152000,3,4,0
1153000,2,4,0
1154000,2,3,0
1155000,1,2,0
1156000,1,4,0
1157000,2,4,0
1158000,1,3,0
1159000,1,2,0
1160000,1,3,0
1161000,1,4,0
1162000,3,4,0
1163000,1,3,0
1164000,2,3,0
1165000,2,3,0
1166000,2,4,0
1167000,1,3,0
1168000,1,2,0
1169000,2,3,0
1170000,2,3,0
1171000,2,4,0
1172000,2,3,0
1173000,1,4,0
1174000,1,2,0
1175000,1,4,0
1176000,3,4,0
1177000,2,3,0
1178000,2,4,0
1179000,1,4,0
1180000,2,3,0
1181000,3,4,0
1182000,1,2,0
1183000,1,2,0
1184000,1,4,0
1185000,2,3,0
1186000,2,4,0
1187000,1,3,0
1188000,1,2,0
1189000,2,3,0
1190000,3,4,0
1191000,1,2,0
1192000,3,4,0
1193000,2,3,0
1194000,1,3,0
1195000,1,2,0
1196000,1,3,0
1197000,3,4,0
1198000,1,4,0
1199000,3,4,0
1200000,2,4,0
1201000,1,3,0
1202000,2,3,0
1203000,2,4,0
1204000,1,2,0
1205000,3,4,0
1206000,3,4,0
1207000,3,4,0
1208000,1,3,0
1209000,3,4,0
1210000,1,4,0
1211000,1,4,0
1212000,3,4,0
1213000,1,2,0
1214000,2,3,0
1215000,1,2,0
1216000,1,4,0
1217000,3,4,0
1218000,3,4,0
1219000,3,4,0
1220000,1,4,0
1221000,1,2,0
1222000,2,4,0
1223000,2,3,0
1224000,3,4,0
1225000,1,2,0
1226000,1,3,0
1227000,1,2,0
1228000,1,4,0
1229000,1,3,0
1230000,1,2,0
1231000,3,4,0
1232000,3,4,0
1233000,2,4,0
1234000,1,4,0
1235000,1,4,0
1236000,3,4,0
1237000,2,3,0
1238000,1,2,0
1239000,3,4,0
1240000,2,3,0
1241000,2,3,0
1242000,2,4,0
1243000,3,4,0
1244000,1,3,0
1245000,1,4,0
1246000,1,4,0
1247000,1,4,0
1248000,2,4,0
1249000,2,4,0
1250000,2,3,0
1251000,2,3,0
1252000,1,2,0
1253000,2,3,0
1254000,1,4,0
1255000,1,4,0
1256000,2,3,0
1257000,1,3,0
1258000,1,3,0
1259000,1,2,0
1260000,1,3,0
1261000,1,2,0
1262000,2,4,0
1263000,2,4,0
1264000,2,4,0
1265000,2,4,0
1266000,1,4,0
1267000,1,4,0
1268000,1,4,0
1269000,2,3,0
1270000,2,4,0
1271000,1,3,0
1272000,2,4,0
1273000,2,4,0
1274000,2,3,0
1275000,1,2,0
1276000,1,4,0
1277000,2,4,0
1278000,1,2,0
1279000,1,2,0
1280000,2,3,0
1281000,2,3,0
1282000,1,3,0
1283000,1,2,0
1284000,1,2,0
1285000,1,2,0
1286000,3,4,0
1287000,1,4,0
1288000,2,3,0
1289000,1,3,0
1290000,3,4,0
1291000,1,3,0
1292000,3,4,0
1293000,2,3,0
1294000,1,3,0
1295000,1,4,0
1296000,1,3,0
1297000,1,3,0
1298000,1,4,0
1299000,2,3,0
1300000,1,3,0
1301000,1,4,0
1302000,2,3,0
1303000,3,4,0
1304000,2,3,0
1305000,2,3,0
1306000,3,4,0
1307000,2,3,0
1308000,2,4,0
1309000,1,4,0
1310000,1,3,0
1311000,3,4,0
1312000,1,2,0
1313000,2,3,0
1314000,2,4,0
1315000,1,4,0
1316000,1,3,0
1317000,1,4,0
1318000,1,4,0
1319000,3,4,0
1320000,2,4,0
1321000,2,4,0
1322000,2,3,0
1323000,2,3,0
1324000,2,4,0
1325000,1,4,0
1326000,3,4,0
1327000,3,4,0
1328000,1,2,0
1329000,1,2,0
1330000,1,2,0
1331000,1,3,0
1332000,3,4,0
1333000,1,4,0
1334000,1,4,0
1335000,3,4,0
1336000,2,3,0
1337000,2,4,0
1338000,3,4,0
1339000,3,4,0
1340000,1,4,0
1341000,2,4,0
1342000,1,3,0
1343000,1,3,0
1344000,2,3,0
1345000,1,2,0
1346000,2,3,0
1347000,1,4,0
1348000,2,4,0
1349000,3,4,0
1350000,1,4,0
1351000,3,4,0
1352000,1,4,0
1353000,1,3,0
1354000,1,3,0
1355000,2,4,0
1356000,2,4,0
1357000,3,4,0
1358000,1,4,0
1359000,1,4,0
1360000,2,3,0
1361000,1,2,0
1362000,1,3,0
1363000,2,3,0
1364000,1,4,0
1365000,1,4,0
1366000,1,4,0
1367000,2,3,0
1368000,2,3,0
1369000,2,3,0
1370000,1,4,0
1371000,2,3,0
1372000,3,4,0
1373000,1,4,0
1374000,1,2,0
1375000,1,3,0
1376000,2,4,0
1377000,3,4,0
1378000,2,4,0
1379000,1,2,0
1380000,1,3,0
1381000,1,2,0
1382000,1,2,0
1383000,2,4,0
1384000,1,4,0
1385000,2,4,0
1386000,1,4,0
1387000,1,2,0
1388000,2,3,0
1389000,2,4,0
1390000,3,4,0
1391000,1,3,0
1392000,2,3,0
1393000,1,3,0
1394000,1,4,0
1395000,2,3,0
1396000,1,4,0
1397000,3,4,0
1398000,3,4,0
1399000,2,3,0
1400000,1,2,0
1401000,1,2,0
1402000,1,3,0
1403000,1,4,0
1404000,3,4,0
1405000,1,2,0
1406000,1,2,0
1407000,2,3,0
1408000,1,2,0
1409000,3,4,0
1410000,2,4,0
1411000,2,4,0
1412000,2,4,0
1413000,1,3,0
1414000,2,4,0
1415000,3,4,0
1416000,2,4,0
1417000,1,2,0
1418000,2,4,0
1419000,1,4,0
1420000,1,3,0
1421000,1,3,0
1422000,1,2,0
1423000,2,3,0
1424000,2,4,0
1425000,2,3,0
1426000,3,4,0
1427000,1,3,0
1428000,2,3,0
1429000,1,2,0
1430000,1,4,0
1431000,1,3,0
1432000,1,4,0
1433000,2,4,0
1434000,3,4,0
1435000,2,4,0
1436000,2,4,0
1437000,1,2,0
1438000,1,2,0
1439000,1,2,0
1440000,2,4,0
1441000,1,3,0
1442000,1,4,0
1443000,1,3,0
1444000,1,2,0
1445000,2,4,0
1446000,2,4,0
1447000,1,2,0
1448000,1,2,0
1449000,2,3,0
1450000,1,2,0
1451000,3,4,0
1452000,1,2,0
1453000,2,3,0
1454000,1,2,0
1455000,2,3,0
1456000,3,4,0
1457000,2,4,0
1458000,1,4,0
1459000,3,4,0
1460000,2,3,0
1461000,1,3,0
1462000,1,3,0
1463000,2,4,0
1464000,1,2,0
1465000,2,4,0
1466000,3,4,0
1467000,1,4,0
1468000,1,2,0
1469000,2,3,0
1470000,2,3,0
1471000,1,4,0
1472000,1,3,0
1473000,2,3,0
1474000,3,4,0
1475000,2,4,0
1476000,2,4,0
1477000,1,4,0
1478000,2,4,0
1479000,2,4,0
1480000,1,2,0
1481000,1,3,0
1482000,1,4,0
1483000,2,4,0
1484000,1,4,0
1485000,2,4,0
1486000,3,4,0
1487000,2,3,0
1488000,2,4,0
1489000,2,4,0
1490000,2,4,0
1491000,1,2,0
1492000,2,4,0
1493000,2,3,0
1494000,2,3,0
1495000,2,3,0
1496000,3,4,0
1497000,3,4,0
1498000,1,4,0
1499000,1,2,0
1500000,2,3,0
1501000,1,4,0
1502000,1,3,0
1503000,2,3,0
1504000,1,2,0
1505000,1,3,0
1506000,1,4,0
1507000,1,2,0
1508000,1,2,0
1509000,1,3,0
1510000,3,4,0
1511000,2,4,0
1512000,1,2,0
1513000,1,3,0
1514000,1,4,0
1515000,1,2,0
1516000,2,3,0
1517000,2,3,0
1518000,2,3,0
1519000,3,4,0
1520000,3,4,0
1521000,2,3,0
1522000,3,4,0
1523000,3,4,0
1524000,2,4,0
1525000,1,2,0
1526000,1,3,0
1527000,2,4,0
1528000,2,3,0
1529000,3,4,0
1530000,2,3,0
1531000,1,4,0
1532000,2,4,0
1533000,2,4,0
1534000,2,3,0
1535000,3,4,0
1536000,1,4,0
1537000,2,3,0
1538000,2,3,0
1539000,1,3,0
1540000,3,4,0
1541000,1,2,0
1542000,1,3,0
1543000,1,2,0
1544000,1,4,0
1545000,1,2,0
1546000,2,4,0
1547000,1,3,0
1548000,1,3,0
1549000,1,4,0
1550000,3,4,0
1551000,1,4,0
1552000,3,4,0
1553000,1,2,0
1554000,1,2,0
1555000,1,2,0
1556000,1,2,0
1557000,1,4,0
1558000,1,2,0
1559000,1,3,0
1560000,1,4,0
1561000,2,3,0
1562000,2,3,0
1563000,1,3,0
1564000,1,4,0
1565000,2,4,0
1566000,1,4,0
1567000,3,4,0
1568000,1,2,0
1569000,1,2,0
1570000,1,4,0
1571000,1,3,0
1572000,3,4,0
1573000,2,4,0
1574000,1,2,0
1575000,3,4,0
1576000,1,2,0
1577000,1,3,0
1578000,1,4,0
1579000,3,4,0
1580000,1,2,0
1581000,2,3,0
1582000,3,4,0
1583000,1,2,0
1584000,2,4,0
1585000,3,4,0
1586000,3,4,0
1587000,1,3,0
1588000,1,3,0
1589000,2,3,0
1590000,1,4,0
1591000,1,2,0
1592000,3,4,0
1593000,1,4,0
1594000,3,4,0
1595000,1,2,0
1596000,2,4,0
1597000,2,4,0
1598000,1,3,0
1599000,2,4,0
1600000,1,4,0
1601000,2,3,0
1602000,2,4,0
1603000,1,2,0
1604000,1,2,0
1605000,1,3,0
1606000,2,4,0
1607000,1,2,0
1608000,1,2,0
1609000,2,4,0
1610000,2,4,0
1611000,2,4,0
1612000,2,3,0
1613000,2,3,0
1614000,1,3,0
1615000,3,4,0
1616000,3,4,0
1617000,1,4,0
1618000,3,4,0
1619000,2,3,0
1620000,2,4,0
1621000,2,4,0
1622000,1,4,0
1623000,2,4,0
1624000,1,3,0
1625000,1,4,0
1626000,2,4,0
1627000,1,2,0
1628000,1,4,0
1629000,1,3,0
1630000,3,4,0
1631000,2,3,0
1632000,1,4,0
1633000,3,4,0
1634000,1,4,0
1635000,1,4,0
1636000,1,4,0
1637000,1,4,0
1638000,2,3,0
1639000,3,4,0
1640000,3,4,0
1641000,1,4,0
1642000,1,2,0
1643000,1,3,0
1644000,1,3,0
1645000,2,3,0
1646000,1,2,0
1647000,1,4,0
1648000,1,3,0
1649000,1,4,0
1650000,3,4,0
1651000,1,4,0
1652000,3,4,0
1653000,1,2,0
1654000,3,4,0
1655000,1,4,0
1656000,2,3,0
1657000,1,2,0
1658000,1,3,0
1659000,2,3,0
1660000,2,4,0
1661000,1,2,0
1662000,1,4,0
1663000,2,3,0
1664000,1,4,0
1665000,1,2,0
1666000,2,4,0
1667000,3,4,0
1668000,3,4,0
1669000,1,4,0
1670000,2,3,0
1671000,3,4,0
1672000,2,3,0
1673000,3,4,0
1674000,1,3,0
1675000,2,4,0
1676000,1,2,0
1677000,2,3,0
1678000,2,4,0
1679000,1,3,0
1680000,3,4,0
1681000,1,3,0
1682000,2,3,0
1683000,3,4,0
1684000,3,4,0
1685000,2,4,0
1686000,2,3,0
1687000,1,4,0
1688000,1,4,0
1689000,1,4,0
1690000,1,4,0
1691000,2,3,0
1692000,3,4,0
1693000,2,4,0
1694000,1,3,0
1695000,1,4,0
1696000,2,4,0
1697000,1,3,0
1698000,1,4,0
1699000,1,4,0
1700000,1,4,0
1701000,3,4,0
1702000,2,4,0
1703000,2,4,0
1704000,1,3,0
1705000,1,2,0
1706000,1,2,0
1707000,1,2,0
1708000,2,3,0
1709000,1,3,0
1710000,1,4,0
1711000,2,4,0
1712000,1,2,0
1713000,1,2,0
1714000,1,2,0
1715000,2,4,0
1716000,1,4,0
1717000,2,3,0
1718000,1,2,0
1719000,3,4,0
1720000,3,4,0
1721000,2,3,0
1722000,2,3,0
1723000,2,4,0
1724000,3,4,0
1725000,1,2,0
1726000,3,4,0
1727000,1,4,0
1728000,3,4,0
1729000,1,3,0
1730000,2,3,0
1731000,1,4,0
1732000,2,3,0
1733000,1,3,0
1734000,1,4,0
1735000,1,2,0
1736000,2,4,0
1737000,1,3,0
1738000,2,3,0
1739000,1,4,0
1740000,1,3,0
1741000,1,3,0
1742000,2,3,0
1743000,1,4,0
1744000,1,2,0
1745000,2,4,0
1746000,1,2,0
1747000,2,4,0
1748000,2,4,0
1749000,2,4,0
1750000,1,3,0
1751000,2,3,0
1752000,2,4,0
1753000,1,2,0
1754000,3,4,0
1755000,3,4,0
1756000,2,3,0
1757000,1,3,0
1758000,2,3,0
1759000,1,4,0
1760000,1,2,0
1761000,1,4,0
1762000,3,4,0
1763000,3,4,0
1764000,1,4,0
1765000,1,2,0
1766000,2,3,0
1767000,1,3,0
1768000,1,3,0
1769000,1,2,0
1770000,2,3,0
1771000,2,3,0
1772000,2,4,0
1773000,2,4,0
1774000,1,3,0
1775000,2,4,0
1776000,3,4,0
1777000,1,2,0
1778000,1,2,0
1779000,1,2,0
1780000,2,4,0
1781000,3,4,0
1782000,1,3,0
1783000,3,4,0
1784000,2,4,0
1785000,2,3,0
1786000,1,2,0
1787000,1,4,0
1788000,2,4,0
1789000,2,3,0
1790000,1,2,0
1791000,2,3,0
1792000,2,4,0
1793000,3,4,0
1794000,1,3,0
1795000,3,4,0
1796000,2,3,0
1797000,1,2,0
1798000,2,3,0
1799000,2,3,0
1800000,2,4,0
1801000,1,4,0
1802000,2,4,0
1803000,1,3,0
1804000,1,4,0
1805000,3,4,0
1806000,1,3,0
1807000,1,3,0
1808000,1,3,0
1809000,1,2,0
1810000,3,4,0
1811000,1,4,0
1812000,1,2,0
1813000,1,2,0
1814000,1,2,0
1815000,2,3,0
1816000,1,4,0
1817000,3,4,0
1818000,2,4,0
1819000,3,4,0
1820000,3,4,0
1821000,2,4,0
1822000,3,4,0
1823000,1,4,0
1824000,3,4,0
1825000,1,2,0
1826000,1,3,0
1827000,1,3,0
1828000,3,4,0
1829000,2,4,0
1830000,1,2,0
1831000,3,4,0
1832000,1,4,0
1833000,1,2,0
1834000,2,4,0
1835000,1,4,0
1836000,1,4,0
1837000,1,3,0
1838000,2,3,0
1839000,1,3,0
1840000,2,4,0
1841000,3,4,0
1842000,2,3,0
1843000,2,3,0
1844000,1,4,0
1845000,1,3,0
1846000,1,2,0
1847000,1,4,0
1848000,1,3,0
1849000,2,4,0
1850000,1,3,0
1851000,2,4,0
1852000,2,3,0
1853000,3,4,0
1854000,2,3,0
1855000,1,4,0
1856000,2,4,0
1857000,3,4,0
1858000,1,4,0
1859000,1,2,0
1860000,2,4,0
1861000,1,4,0
1862000,1,4,0
1863000,2,4,0
1864000,3,4,0
1865000,1,4,0
1866000,2,3,0
1867000,2,4,0
1868000,1,4,0
1869000,1,4,0
1870000,1,2,0
1871000,2,4,0
1872000,1,3,0
1873000,3,4,0
1874000,1,3,0
1875000,2,3,0
1876000,2,4,0
1877000,1,3,0
1878000,2,3,0
1879000,1,4,0
1880000,1,4,0
1881000,1,3,0
1882000,1,3,0
1883000,2,4,0
1884000,3,4,0
1885000,1,3,0
1886000,1,3,0
1887000,3,4,0
1888000,3,4,0
1889000,1,4,0
1890000,1,3,0
1891000,1,3,0
1892000,1,4,0
1893000,2,4,0
1894000,1,4,0
1895000,2,3,0
1896000,2,4,0
1897000,2,4,0
1898000,2,4,0
1899000,2,4,0
1900000,1,2,0
1901000,2,4,0
1902000,1,4,0
1903000,2,4,0
1904000,3,4,0
1905000,3,4,0
1906000,1,2,0
1907000,2,3,0
1908000,1,2,0
1909000,1,2,0
1910000,1,4,0
1911000,3,4,0
1912000,1,4,0
1913000,2,4,0
1914000,2,3,0
1915000,3,4,0
1916000,2,3,0
1917000,2,3,0
1918000,2,3,0
1919000,2,4,0
1920000,2,4,0
1921000,1,3,0
1922000,3,4,0
1923000,3,4,0
1924000,2,3,0
1925000,1,3,0
1926000,1,3,0
1927000,2,4,0
1928000,1,4,0
1929000,1,4,0
1930000,3,4,0
1931000,1,2,0
1932000,1,2,0
1933000,1,4,0
1934000,2,3,0
1935000,3,4,0
1936000,1,2,0
1937000,3,4,0
1938000,2,3,0
1939000,3,4,0
1940000,3,4,0
1941000,3,4,0
1942000,1,3,0
1943000,2,4,0
1944000,1,2,0
1945000,1,4,0
1946000,1,3,0
1947000,3,4,0
1948000,1,2,0
1949000,1,4,0
1950000,1,3,0
1951000,2,4,0
1952000,1,3,0
1953000,2,4,0
1954000,1,4,0
1955000,3,4,0
1956000,1,4,0
1957000,1,3,0
1958000,3,4,0
1959000,3,4,0
1960000,1,4,0
1961000,1,2,0
1962000,3,4,0
1963000,3,4,0
1964000,2,4,0
1965000,3,4,0
1966000,3,4,0
1967000,2,4,0
1968000,2,4,0
1969000,2,4,0
1970000,1,2,0
1971000,2,4,0
1972000,2,3,0
1973000,1,3,0
1974000,1,4,0
1975000,2,4,0
1976000,2,3,0
1977000,1,4,0
1978000,3,4,0
1979000,1,2,0
1980000,3,4,0
1981000,2,3,0
1982000,3,4,0
1983000,3,4,0
1984000,2,4,0
1985000,1,4,0
1986000,2,4,0
1987000,1,4,0
1988000,3,4,0
1989000,1,4,0
1990000,2,3,0
1991000,1,3,0
1992000,1,3,0
1993000,1,4,0
1994000,2,3,0
1995000,1,3,0
1996000,1,3,0
1997000,1,4,0
1998000,1,4,0
1999000,3,4,0
2000000,2,3,0
2001000,3,4,0
2002000,2,4,0
2003000,1,3,0
2004000,1,2,0
2005000,1,4,0
2006000,1,4,0
2007000,1,4,0
2008000,1,3,0
2009000,1,4,0
2010000,2,4,0
2011000,3,4,0
2012000,3,4,0
2013000,1,3,0
2014000,2,3,0
2015000,1,4,0
2016000,3,4,0
2017000,3,4,0
2018000,2,4,0
2019000,1,2,0
2020000,1,3,0
2021000,1,3,0
2022000,3,4,0
2023000,2,3,0
2024000,2,3,0
2025000,1,4,0
2026000,1,3,0
2027000,1,2,0
2028000,1,2,0
2029000,1,2,0
2030000,2,3,0
2031000,2,4,0
2032000,2,4,0
2033000,3,4,0
2034000,1,2,0
2035000,2,3,0
2036000,2,4,0
2037000,1,2,0
2038000,3,4,0
2039000,1,4,0
2040000,1,2,0
2041000,1,4,0
2042000,1,4,0
2043000,1,3,0
2044000,1,3,0
2045000,1,3,0
2046000,3,4,0
2047000,1,4,0
2048000,3,4,0
2049000,2,4,0
2050000,1,3,0
2051000,3,4,0
2052000,1,3,0
2053000,3,4,0
2054000,1,2,0
2055000,1,3,0
2056000,2,4,0
2057000,1,2,0
2058000,1,2,0
2059000,2,3,0
2060000,2,3,0
2061000,3,4,0
2062000,2,3,0
2063000,2,3,0
2064000,1,3,0
2065000,3,4,0
2066000,2,3,0
2067000,1,3,0
2068000,1,3,0
2069000,1,4,0
2070000,1,2,0
2071000,1,3,0
2072000,1,3,0
2073000,2,4,0
2074000,1,4,0
2075000,2,3,0
2076000,1,3,0
2077000,1,2,0
2078000,1,3,0
2079000,1,3,0
2080000,2,3,0
2081000,1,4,0
2082000,1,4,0
2083000,1,4,0
2084000,1,4,0
2085000,3,4,0
2086000,1,3,0
2087000,1,4,0
2088000,2,3,0
2089000,1,2,0
2090000,3,4,0
2091000,2,3,0
2092000,1,3,0
2093000,1,3,0
2094000,1,4,0
2095000,1,4,0
2096000,2,4,0
2097000,2,4,0
2098000,1,3,0
2099000,3,4,0
2100000,2,4,0
2101000,1,4,0
2102000,3,4,0
2103000,1,4,0
2104000,2,4,0
2105000,1,4,0
2106000,1,2,0
2107000,1,4,0
2108000,1,3,0
2109000,2,4,0
2110000,2,4,0
2111000,1,3,0
2112000,2,3,0
2113000,2,3,0
2114000,2,3,0
2115000,2,4,0
2116000,1,4,0
2117000,3,4,0
2118000,1,3,0
2119000,1,3,0
2120000,1,2,0
2121000,1,4,0
2122000,1,3,0
2123000,1,3,0
2124000,3,4,0
2125000,2,4,0
2126000,1,2,0
2127000,3,4,0
2128000,1,4,0
2129000,2,3,0
2130000,2,4,0
2131000,1,4,0
2132000,1,2,0
2133000,1,2,0
2134000,1,2,0
2135000,1,3,0
2136000,1,3,0
2137000,1,3,0
2138000,1,2,0
2139000,1,4,0
2140000,3,4,0
2141000,1,3,0
2142000,1,3,0
2143000,3,4,0
2144000,2,3,0
2145000,1,2,0
2146000,3,4,0
2147000,1,4,0
2148000,2,3,0
2149000,1,2,0
2150000,3,4,0
2151000,3,4,0
2152000,1,2,0
2153000,2,3,0
2154000,1,4,0
2155000,2,4,0
2156000,1,4,0
2157000,1,4,0
2158000,3,4,0
2159000,3,4,0
2160000,1,3,0
2161000,2,4,0
2162000,1,2,0
2163000,2,4,0
2164000,3,4,0
2165000,1,2,0
2166000,1,3,0
2167000,3,4,0
2168000,3,4,0
2169000,3,4,0
2170000,3,4,0
2171000,3,4,0
2172000,1,3,0
2173000,2,3,0
2174000,1,4,0
2175000,2,4,0
2176000,1,2,0
2177000,1,4,0
2178000,2,3,0
2179000,2,4,0
2180000,2,3,0
2181000,2,3,0
2182000,2,3,0
2183000,1,2,0
2184000,2,3,0
2185000,3,4,0
2186000,2,3,0
2187000,2,4,0
2188000,2,3,0
2189000,1,4,0
2190000,2,3,0
2191000,1,3,0
2192000,1,2,0
2193000,2,3,0
2194000,1,4,0
2195000,1,3,0
2196000,1,3,0
2197000,3,4,0
2198000,3,4,0
2199000,2,3,0
2200000,2,3,0
2201000,1,4,0
2202000,1,2,0
2203000,1,3,0
2204000,3,4,0
2205000,1,2,0
2206000,1,2,0
2207000,3,4,0
2208000,1,4,0
2209000,2,3,0
2210000,2,4,0
2211000,1,3,0
2212000,2,3,0
2213000,1,2,0
2214000,1,4,0
2215000,3,4,0
2216000,2,4,0
2217000,1,4,0
2218000,3,4,0
2219000,1,4,0
2220000,2,4,0
2221000,1,3,0
2222000,2,3,0
2223000,1,2,0
2224000,3,4,0
2225000,1,3,0
2226000,2,3,0
2227000,3,4,0
2228000,1,4,0
2229000,3,4,0
2230000,2,3,0
2231000,1,3,0
2232000,2,3,0
2233000,2,4,0
2234000,3,4,0
2235000,1,3,0
2236000,2,3,0
2237000,1,3,0
2238000,2,4,0
2239000,2,4,0
2240000,2,4,0
2241000,1,4,0
2242000,1,4,0
2243000,2,4,0
2244000,2,3,0
2245000,1,3,0
2246000,1,2,0
2247000,2,4,0
2248000,1,4,0
2249000,2,4,0
2250000,3,4,0
2251000,1,3,0
2252000,2,4,0
2253000,2,4,0
2254000,2,3,0
2255000,3,4,0
2256000,3,4,0
2257000,3,4,0
2258000,1,4,0
2259000,2,3,0
2260000,1,2,0
2261000,1,2,0
2262000,1,2,0
2263000,1,4,0
2264000,2,3,0
2265000,1,2,0
2266000,2,3,0
2267000,3,4,0
2268000,2,3,0
2269000,1,3,0
2270000,1,4,0
2271000,2,3,0
2272000,2,4,0
2273000,1,4,0
2274000,3,4,0
2275000,2,4,0
2276000,1,2,0
2277000,2,4,0
2278000,1,4,0
2279000,2,3,0
2280000,3,4,0
2281000,3,4,0
2282000,2,3,0
2283000,1,4,0
2284000,2,3,0
2285000,1,4,0
2286000,2,3,0
2287000,1,4,0
2288000,2,4,0
2289000,2,3,0
2290000,1,3,0
2291000,2,4,0
2292000,2,4,0
2293000,1,4,0
2294000,1,2,0
2295000,3,4,0
2296000,1,4,0
2297000,1,3,0
2298000,2,3,0
2299000,2,4,0
2300000,1,3,0
2301000,2,4,0
2302000,1,3,0
2303000,1,2,0
2304000,1,3,0
2305000,2,4,0
2306000,1,4,0
2307000,1,2,0
2308000,3,4,0
2309000,1,2,0
2310000,1,2,0
2311000,1,3,0
2312000,2,4,0
2313000,1,4,0
2314000,1,4,0
2315000,1,3,0
2316000,1,3,0
2317000,1,4,0
2318000,1,4,0
2319000,1,4,0
2320000,3,4,0
2321000,2,3,0
2322000,1,4,0
2323000,1,3,0
2324000,1,2,0
2325000,2,4,0
2326000,3,4,0
2327000,3,4,0
2328000,3,4,0
2329000,2,3,0
2330000,2,3,0
2331000,1,3,0
2332000,2,4,0
2333000,2,3,0
2334000,1,2,0
2335000,1,4,0
2336000,2,4,0
2337000,3,4,0
2338000,1,4,0
2339000,3,4,0
2340000,1,2,0
2341000,2,4,0
2342000,1,2,0
2343000,1,3,0
2344000,1,3,0
2345000,2,3,0
2346000,3,4,0
2347000,2,4,0
2348000,1,2,0
2349000,1,4,0
2350000,1,2,0
2351000,2,4,0
2352000,1,2,0
2353000,2,4,0
2354000,2,3,0
2355000,2,4,0
2356000,1,3,0
2357000,1,2,0
2358000,2,4,0
2359000,2,3,0
2360000,1,4,0
2361000,1,3,0
2362000,2,4,0
2363000,1,3,0
2364000,3,4,0
2365000,1,4,0
2366000,3,4,0
2367000,1,4,0
2368000,3,4,0
2369000,2,4,0
2370000,2,4,0
2371000,1,4,0
2372000,3,4,0
2373000,2,4,0
2374000,1,2,0
2375000,3,4,0
2376000,1,2,0
2377000,1,3,0
2378000,2,4,0
2379000,2,4,0
2380000,1,4,0
2381000,2,4,0
2382000,1,4,0
2383000,2,4,0
2384000,1,4,0
2385000,2,4,0
2386000,3,4,0
2387000,3,4,0
2388000,1,4,0
2389000,3,4,0
2390000,1,3,0
2391000,3,4,0
2392000,3,4,0
2393000,2,4,0
2394000,3,4,0
2395000,2,4,0
2396000,1,4,0
2397000,2,4,0
2398000,1,4,0
2399000,1,2,0
2400000,1,4,0
2401000,2,4,0
2402000,1,3,0
2403000,1,2,0
2404000,3,4,0
2405000,3,4,0
2406000,2,3,0
2407000,2,3,0
2408000,1,2,0
2409000,1,2,0
2410000,1,2,0
2411000,3,4,0
2412000,1,3,0
2413000,1,3,0
2414000,1,2,0
2415000,1,3,0
2416000,2,3,0
2417000,1,4,0
2418000,2,4,0
2419000,1,4,0
2420000,1,3,0
2421000,2,4,0
2422000,1,4,0
2423000,1,4,0
2424000,1,2,0
2425000,2,4,0
2426000,1,3,0
2427000,1,4,0
2428000,3,4,0
2429000,2,4,0
2430000,1,4,0
2431000,1,4,0
2432000,2,4,0
2433000,1,4,0
2434000,2,4,0
2435000,2,3,0
2436000,2,4,0
2437000,1,3,0
2438000,2,3,0
2439000,2,3,0
2440000,2,4,0
2441000,1,4,0
2442000,1,3,0
2443000,1,3,0
2444000,1,2,0
2445000,1,2,0
2446000,1,2,0
2447000,1,3,0
2448000,3,4,0
2449000,1,2,0
2450000,1,4,0
2451000,1,2,0
2452000,1,4,0
2453000,1,3,0
2454000,1,4,0
2455000,1,4,0
2456000,1,4,0
2457000,2,4,0
2458000,3,4,0
2459000,2,4,0
2460000,2,3,0
2461000,2,3,0
2462000,1,2,0
2463000,1,3,0
2464000,1,3,0
2465000,1,4,0
2466000,1,3,0
2467000,2,4,0
2468000,2,4,0
2469000,1,3,0
2470000,3,4,0
2471000,2,4,0
2472000,1,3,0
2473000,3,4,0
2474000,2,3,0
2475000,3,4,0
2476000,1,4,0
2477000,3,4,0
2478000,2,4,0
2479000,2,4,0
2480000,1,4,0
2481000,2,3,0
2482000,1,2,0
2483000,3,4,0
2484000,2,4,0
2485000,3,4,0
2486000,2,4,0
2487000,1,2,0
2488000,1,2,0
2489000,1,3,0
2490000,3,4,0
2491000,1,4,0
2492000,2,3,0
2493000,1,2,0
2494000,1,4,0
2495000,1,2,0
2496000,2,4,0
2497000,2,3,0
2498000,1,3,0
2499000,1,2,0
2500000,3,4,0
2501000,1,4,0
2502000,2,3,0
2503000,1,2,0
2504000,1,4,0
2505000,2,3,0
2506000,1,3,0
2507000,1,2,0
2508000,2,4,0
2509000,2,4,0
2510000,1,4,0
2511000,2,4,0
2512000,2,3,0
2513000,3,4,0
2514000,1,2,0
2515000,1,2,0
2516000,1,2,0
2517000,2,4,0
2518000,2,4,0
2519000,1,3,0
2520000,1,2,0
2521000,1,2,0
2522000,1,3,0
2523000,3,4,0
2524000,1,4,0
2525000,2,4,0
2526000,2,3,0
2527000,1,4,0
2528000,1,4,0
2529000,1,3,0
2530000,1,2,0
2531000,3,4,0
2532000,1,3,0
2533000,2,4,0
2534000,1,3,0
2535000,3,4,0
2536000,1,4,0
2537000,1,2,0
2538000,3,4,0
2539000,1,3,0
2540000,1,4,0
2541000,2,3,0
2542000,1,2,0
2543000,1,2,0
2544000,2,4,0
2545000,2,4,0
2546000,3,4,0
2547000,3,4,0
2548000,2,3,0
2549000,1,4,0
2550000,1,2,0
2551000,3,4,0
2552000,1,3,0
2553000,2,4,0
2554000,2,3,0
2555000,2,3,0
2556000,2,3,0
2557000,2,3,0
2558000,2,3,0
2559000,1,4,0
2560000,1,2,0
2561000,1,3,0
2562000,1,3,0
2563000,3,4,0
2564000,2,4,0
2565000,1,4,0
2566000,2,4,0
2567000,2,4,0
2568000,1,3,0
2569000,1,4,0
2570000,1,3,0
2571000,1,3,0
2572000,3,4,0
2573000,1,2,0
2574000,1,4,0
2575000,1,4,0
2576000,2,4,0
2577000,1,2,0
2578000,2,3,0
2579000,1,4,0
2580000,1,3,0
2581000,2,4,0
2582000,2,4,0
2583000,1,2,0
2584000,2,3,0
2585000,2,4,0
2586000,2,4,0
2587000,1,2,0
2588000,2,3,0
2589000,1,4,0
2590000,1,4,0
2591000,1,2,0
2592000,3,4,0
2593000,2,4,0
2594000,1,2,0
2595000,1,3,0
2596000,1,4,0
2597000,2,3,0
2598000,2,3,0
2599000,2,4,0
2600000,2,3,0
2601000,2,3,0
2602000,1,3,0
2603000,2,4,0
2604000,1,3,0
2605000,2,3,0
2606000,2,3,0
2607000,2,3,0
2608000,1,2,0
2609000,2,4,0
2610000,3,4,0
2611000,1,4,0
2612000,2,3,0
2613000,1,4,0
2614000,1,3,0
2615000,2,3,0
2616000,1,3,0
2617000,2,4,0
2618000,1,4,0
2619000,1,3,0
2620000,3,4,0
2621000,1,3,0
2622000,1,4,0
2623000,2,4,0
2624000,1,4,0
2625000,2,3,0
2626000,1,4,0
2627000,2,3,0
2628000,1,4,0
2629000,2,4,0
2630000,1,3,0
2631000,1,3,0
2632000,1,2,0
2633000,1,2,0
2634000,2,4,0
2635000,3,4,0
2636000,1,2,0
2637000,2,4,0
2638000,2,4,0
2639000,3,4,0
2640000,2,3,0
2641000,2,4,0
2642000,3,4,0
2643000,1,4,0
2644000,1,2,0
2645000,1,3,0
2646000,2,4,0
2647000,1,4,0
2648000,2,3,0
2649000,2,4,0
2650000,2,3,0
2651000,1,4,0
2652000,1,2,0
2653000,3,4,0
2654000,1,4,0
2655000,1,2,0
2656000,2,4,0
2657000,1,4,0
2658000,1,3,0
2659000,1,3,0
2660000,1,4,0
2661000,2,3,0
2662000,1,2,0
2663000,3,4,0
2664000,2,4,0
2665000,3,4,0
2666000,2,3,0
2667000,2,4,0
2668000,1,2,0
2669000,1,2,0
2670000,1,4,0
2671000,1,3,0
2672000,2,3,0
2673000,1,3,0
2674000,2,4,0
2675000,1,2,0
2676000,3,4,0
2677000,2,4,0
2678000,3,4,0
2679000,1,3,0
2680000,1,2,0
2681000,1,2,0
2682000,1,3,0
2683000,1,4,0
2684000,2,3,0
2685000,1,4,0
2686000,1,3,0
2687000,3,4,0
2688000,1,4,0
2689000,1,3,0
2690000,1,4,0
2691000,2,3,0
2692000,2,4,0
2693000,3,4,0
2694000,3,4,0
2695000,1,2,0
2696000,2,4,0
2697000,1,4,0
2698000,2,4,0
2699000,3,4,0
2700000,2,3,0
2701000,2,4,0
2702000,1,3,0
2703000,1,2,0
2704000,1,3,0
2705000,1,3,0
2706000,2,4,0
2707000,1,2,0
2708000,1,4,0
2709000,2,3,0
2710000,1,3,0
2711000,3,4,0
2712000,2,4,0
2713000,1,4,0
2714000,1,2,0
2715000,1,2,0
2716000,1,3,0
2717000,2,3,0
2718000,1,4,0
2719000,2,4,0
2720000,1,2,0
2721000,3,4,0
2722000,2,3,0
2723000,2,3,0
2724000,2,4,0
2725000,1,4,0
2726000,1,2,0
2727000,2,4,0
2728000,1,4,0
2729000,2,3,0
2730000,2,3,0
2731000,1,2,0
2732000,2,4,0
2733000,1,4,0
2734000,1,3,0
2735000,1,3,0
2736000,1,2,0
2737000,1,4,0
2738000,1,2,0
2739000,2,3,0
2740000,1,4,0
2741000,1,4,0
2742000,2,3,0
2743000,3,4,0
2744000,1,4,0
2745000,1,3,0
2746000,2,3,0
2747000,2,4,0
2748000,1,4,0
2749000,1,4,0
2750000,2,3,0
2751000,1,4,0
2752000,1,2,0
2753000,2,4,0
2754000,2,4,0
2755000,3,4,0
2756000,1,4,0
2757000,2,4,0
2758000,1,2,0
2759000,3,4,0
2760000,2,4,0
2761000,2,3,0
2762000,2,3,0
2763000,1,2,0
2764000,1,3,0
2765000,2,3,0
2766000,1,3,0
2767000,2,3,0
2768000,2,3,0
2769000,2,4,0
2770000,1,3,0
2771000,1,3,0
2772000,1,3,0
2773000,2,4,0
2774000,2,3,0
2775000,3,4,0
2776000,1,4,0
2777000,2,4,0
2778000,3,4,0
2779000,3,4,0
2780000,1,3,0
2781000,1,3,0
2782000,3,4,0
2783000,2,4,0
2784000,2,4,0
2785000,1,3,0
2786000,1,3,0
2787000,1,3,0
2788000,2,3,0
2789000,1,2,0
2790000,1,3,0
2791000,1,2,0
2792000,2,3,0
2793000,2,4,0
2794000,1,3,0
2795000,2,3,0
2796000,1,4,0
2797000,2,4,0
2798000,1,2,0
2799000,2,3,0
2800000,1,3,0
2801000,1,2,0
2802000,2,4,0
2803000,2,3,0
2804000,3,4,0
2805000,1,4,0
2806000,1,3,0
2807000,1,4,0
2808000,1,4,0
2809000,2,4,0
2810000,1,3,0
2811000,1,3,0
2812000,1,2,0
2813000,1,3,0
2814000,2,4,0
2815000,3,4,0
2816000,2,4,0
2817000,2,3,0
2818000,1,4,0
2819000,1,2,0
2820000,1,4,0
2821000,3,4,0
2822000,1,3,0
2823000,1,3,0
2824000,2,3,0
2825000,1,4,0
2826000,1,4,0
2827000,2,3,0
2828000,3,4,0
2829000,1,2,0
2830000,1,2,0
2831000,1,4,0
2832000,2,3,0
2833000,1,3,0
2834000,3,4,0
2835000,1,2,0
2836000,1,3,0
2837000,3,4,0
2838000,1,3,0
2839000,2,4,0
2840000,1,4,0
2841000,3,4,0
2842000,2,3,0
2843000,3,4,0
2844000,1,3,0
2845000,2,3,0
2846000,2,3,0
2847000,1,2,0
2848000,2,3,0
2849000,2,3,0
2850000,3,4,0
2851000,1,3,0
2852000,2,3,0
2853000,1,4,0
2854000,1,3,0
2855000,1,3,0
2856000,1,4,0
2857000,2,4,0
2858000,1,2,0
2859000,1,4,0
2860000,3,4,0
2861000,1,2,0
2862000,1,4,0
2863000,2,3,0
2864000,1,3,0
2865000,2,4,0
2866000,1,4,0
2867000,1,4,0
2868000,1,3,0
2869000,2,3,0
2870000,2,3,0
2871000,2,3,0
2872000,2,3,0
2873000,1,4,0
2874000,1,2,0
2875000,1,2,0
2876000,1,3,0
2877000,3,4,0
2878000,2,3,0
2879000,1,2,0
2880000,1,4,0
2881000,1,3,0
2882000,1,2,0
2883000,3,4,0
2884000,2,4,0
2885000,1,3,0
2886000,3,4,0
2887000,1,2,0
2888000,1,4,0
2889000,1,4,0
2890000,2,4,0
2891000,2,4,0
2892000,1,4,0
2893000,3,4,0
2894000,2,3,0
2895000,2,4,0
2896000,2,4,0
2897000,2,3,0
2898000,3,4,0
2899000,3,4,0
2900000,3,4,0
2901000,3,4,0
2902000,2,4,0
2903000,1,4,0
2904000,1,4,0
2905000,2,3,0
2906000,1,3,0
2907000,1,3,0
2908000,2,3,0
2909000,3,4,0
2910000,1,3,0
2911000,1,4,0
2912000,1,2,0
2913000,2,4,0
2914000,2,3,0
2915000,1,2,0
2916000,2,4,0
2917000,2,4,0
2918000,3,4,0
2919000,1,2,0
2920000,2,3,0
2921000,3,4,0
2922000,1,2,0
2923000,1,4,0
2924000,1,2,0
2925000,1,3,0
2926000,1,4,0
2927000,1,3,0
2928000,1,2,0
2929000,2,3,0
2930000,1,4,0
2931000,1,4,0
2932000,1,3,0
2933000,1,2,0
2934000,2,4,0
2935000,1,2,0
2936000,2,4,0
2937000,2,4,0
2938000,2,3,0
2939000,1,3,0
2940000,3,4,0
2941000,2,3,0
2942000,3,4,0
2943000,2,4,0
2944000,1,2,0
2945000,1,4,0
2946000,2,3,0
2947000,2,3,0
2948000,1,4,0
2949000,2,3,0
2950000,1,2,0
2951000,1,2,0
2952000,2,3,0
2953000,2,4,0
2954000,2,4,0
2955000,1,4,0
2956000,1,4,0
2957000,1,2,0
2958000,1,4,0
2959000,3,4,0
2960000,1,2,0
2961000,1,2,0
2962000,2,3,0
2963000,1,2,0
2964000,1,4,0
2965000,1,4,0
2966000,1,2,0
2967000,2,4,0
2968000,3,4,0
2969000,2,3,0
2970000,1,3,0
2971000,2,4,0
2972000,2,4,0
2973000,3,4,0
2974000,2,4,0
2975000,1,2,0
2976000,1,3,0
2977000,1,3,0
2978000,3,4,0
2979000,3,4,0
2980000,1,2,0
2981000,2,3,0
2982000,2,4,0
2983000,2,3,0
2984000,2,3,0
2985000,1,2,0
2986000,1,4,0
2987000,1,3,0
2988000,2,3,0
2989000,1,4,0
2990000,2,4,0
2991000,2,3,0
2992000,2,3,0
2993000,3,4,0
2994000,1,4,0
2995000,3,4,0
2996000,3,4,0
2997000,3,4,0
2998000,3,4,0
2999000,1,2,0
3000000,1,2,0
3001000,3,4,0
3002000,1,3,0
3003000,1,3,0
3004000,3,4,0
3005000,2,4,0
3006000,2,4,0
3007000,3,4,0
3008000,2,3,0
3009000,2,3,0
3010000,2,4,0
3011000,1,4,0
3012000,1,2,0
3013000,2,3,0
3014000,1,2,0
3015000,2,3,0
3016000,3,4,0
3017000,1,3,0
3018000,1,3,0
3019000,1,4,0
3020000,1,2,0
3021000,2,3,0
3022000,2,4,0
3023000,2,4,0
3024000,2,4,0
3025000,1,2,0
3026000,1,2,0
3027000,3,4,0
3028000,2,4,0
3029000,2,3,0
3030000,3,4,0
3031000,1,3,0
3032000,2,3,0
3033000,2,3,0
3034000,2,3,0
3035000,2,3,0
3036000,3,4,0
3037000,1,4,0
3038000,1,4,0
3039000,2,3,0
3040000,1,4,0
3041000,2,3,0
3042000,2,3,0
3043000,2,4,0
3044000,1,3,0
3045000,1,3,0
3046000,2,4,0
3047000,2,3,0
3048000,1,4,0
3049000,1,3,0
3050000,3,4,0
3051000,1,4,0
3052000,1,3,0
3053000,1,2,0
3054000,1,3,0
3055000,2,4,0
3056000,2,4,0
3057000,1,2,0
3058000,2,3,0
3059000,3,4,0
3060000,1,4,0
3061000,1,3,0
3062000,1,3,0
3063000,1,4,0
3064000,1,4,0
3065000,3,4,0
3066000,2,4,0
3067000,3,4,0
3068000,1,2,0
3069000,3,4,0
3070000,3,4,0
3071000,2,3,0
3072000,1,4,0
3073000,1,2,0
3074000,2,4,0
3075000,2,3,0
3076000,2,3,0
3077000,3,4,0
3078000,1,2,0
3079000,2,3,0
3080000,1,4,0
3081000,1,2,0
3082000,2,4,0
3083000,1,4,0
3084000,1,2,0
3085000,1,3,0
3086000,1,2,0
3087000,2,4,0
3088000,1,3,0
3089000,1,4,0
3090000,1,2,0
3091000,3,4,0
3092000,2,4,0
3093000,1,2,0
3094000,2,4,0
3095000,2,4,0
3096000,3,4,0
3097000,2,4,0
3098000,2,3,0
3099000,2,4,0
3100000,1,2,0
3101000,1,2,0
3102000,2,4,0
3103000,3,4,0
3104000,2,3,0
3105000,1,2,0
3106000,1,4,0
3107000,1,4,0
3108000,2,4,0
3109000,3,4,0
3110000,2,4,0
3111000,2,4,0
3112000,3,4,0
3113000,2,3,0
3114000,1,2,0
3115000,2,3,0
3116000,1,4,0
3117000,1,2,0
3118000,2,4,0
3119000,2,3,0
3120000,2,4,0
3121000,1,4,0
3122000,1,4,0
3123000,1,4,0
3124000,1,3,0
3125000,1,3,0
3126000,2,3,0
3127000,1,2,0
3128000,3,4,0
3129000,1,3,0
3130000,1,2,0
3131000,2,3,0
3132000,1,4,0
3133000,1,3,0
3134000,1,2,0
3135000,1,4,0
3136000,1,4,0
3137000,1,3,0
3138000,1,2,0
3139000,1,2,0
3140000,3,4,0
3141000,3,4,0
3142000,2,3,0
3143000,1,4,0
3144000,1,3,0
3145000,1,4,0
3146000,2,4,0
3147000,2,3,0
3148000,2,4,0
3149000,1,3,0
3150000,2,3,0
3151000,2,4,0
3152000,1,2,0
3153000,1,2,0
3154000,2,4,0
3155000,3,4,0
3156000,2,4,0
3157000,1,4,0
3158000,2,4,0
3159000,2,4,0
3160000,1,3,0
3161000,1,2,0
3162000,1,3,0
3163000,3,4,0
3164000,2,3,0
3165000,3,4,0
3166000,2,3,0
3167000,1,4,0
3168000,2,4,0
3169000,2,3,0
3170000,1,2,0
3171000,3,4,0
3172000,2,3,0
3173000,3,4,0
3174000,3,4,0
3175000,1,4,0
3176000,1,4,0
3177000,1,3,0
3178000,2,4,0
3179000,1,4,0
3180000,3,4,0
3181000,3,4,0
3182000,2,3,0
3183000,1,2,0
3184000,1,2,0
3185000,3,4,0
3186000,1,2,0
3187000,3,4,0
3188000,1,4,0
3189000,2,3,0
3190000,2,4,0
3191000,3,4,0
3192000,2,4,0
3193000,3,4,0
3194000,2,3,0
3195000,1,2,0
3196000,2,4,0
3197000,1,3,0
3198000,1,4,0
3199000,2,3,0
3200000,1,4,0
3201000,1,2,0
3202000,1,4,0
3203000,1,4,0
3204000,3,4,0
3205000,1,4,0
3206000,1,3,0
3207000,2,3,0
3208000,3,4,0
3209000,1,3,0
3210000,2,3,0
3211000,1,2,0
3212000,3,4,0
3213000,2,3,0
3214000,1,2,0
3215000,2,4,0
3216000,1,2,0
3217000,1,2,0
3218000,1,4,0
3219000,1,2,0
3220000,1,4,0
3221000,2,3,0
3222000,3,4,0
3223000,2,3,0
3224000,1,2,0
3225000,2,4,0
3226000,1,2,0
3227000,3,4,0
3228000,2,3,0
3229000,1,4,0
3230000,3,4,0
3231000,2,4,0
3232000,2,3,0
3233000,2,3,0
3234000,1,3,0
3235000,3,4,0
3236000,2,3,0
3237000,3,4,0
3238000,1,4,0
3239000,1,3,0
3240000,2,3,0
3241000,1,3,0
3242000,2,4,0
3243000,1,4,0
3244000,2,3,0
3245000,2,3,0
3246000,1,3,0
3247000,2,3,0
3248000,1,3,0
3249000,3,4,0
3250000,2,3,0
3251000,2,4,0
3252000,1,4,0
3253000,1,3,0
3254000,1,4,0
3255000,2,3,0
3256000,2,4,0
3257000,2,3,0
3258000,1,3,0
3259000,1,2,0
3260000,1,2,0
3261000,1,3,0
3262000,2,3,0
3263000,1,3,0
3264000,2,3,0
3265000,1,3,0
3266000,1,3,0
3267000,2,4,0
3268000,3,4,0
3269000,1,2,0
3270000,2,4,0
3271000,1,2,0
3272000,3,4,0
3273000,1,4,0
3274000,3,4,0
3275000,2,4,0
3276000,3,4,0
3277000,1,3,0
3278000,2,3,0
3279000,1,4,0
3280000,1,4,0
3281000,2,4,0
3282000,2,3,0
3283000,1,4,0
3284000,1,3,0
3285000,2,4,0
3286000,3,4,0
3287000,2,4,0
3288000,1,4,0
3289000,2,4,0
3290000,1,3,0
3291000,3,4,0
3292000,1,3,0
3293000,1,4,0
3294000,1,4,0
3295000,2,3,0
3296000,3,4,0
3297000,3,4,0
3298000,2,4,0
3299000,1,4,0
3300000,1,3,0
3301000,1,4,0
3302000,1,3,0
3303000,2,3,0
3304000,2,4,0
3305000,3,4,0
3306000,2,4,0
3307000,1,4,0
3308000,1,2,0
3309000,1,4,0
3310000,3,4,0
3311000,1,3,0
3312000,1,3,0
3313000,1,2,0
3314000,1,3,0
3315000,3,4,0
3316000,1,3,0
3317000,1,2,0
3318000,3,4,0
3319000,1,3,0
3320000,1,4,0
3321000,2,4,0
3322000,1,3,0
3323000,3,4,0
3324000,2,4,0
3325000,2,3,0
3326000,1,3,0
3327000,2,3,0
3328000,2,3,0
3329000,2,4,0
3330000,2,4,0
3331000,3,4,0
3332000,3,4,0
3333000,1,2,0
3334000,1,2,0
3335000,1,4,0
3336000,2,4,0
3337000,3,4,0
3338000,3,4,0
3339000,1,2,0
3340000,1,2,0
3341000,1,4,0
3342000,1,2,0
3343000,3,4,0
3344000,2,4,0
3345000,1,2,0
3346000,1,2,0
3347000,2,4,0
3348000,1,2,0
3349000,2,3,0
3350000,1,2,0
3351000,1,3,0
3352000,1,2,0
3353000,1,4,0
3354000,1,3,0
3355000,1,4,0
3356000,2,3,0
3357000,2,4,0
3358000,2,4,0
3359000,2,4,0
3360000,1,4,0
3361000,2,4,0
3362000,3,4,0
3363000,1,4,0
3364000,1,2,0
3365000,2,3,0
3366000,3,4,0
3367000,1,2,0
3368000,2,3,0
3369000,1,2,0
3370000,2,3,0
3371000,3,4,0
3372000,1,4,0
3373000,1,2,0
3374000,2,3,0
3375000,2,3,0
3376000,1,4,0
3377000,1,4,0
3378000,1,4,0
3379000,1,4,0
3380000,1,2,0
3381000,3,4,0
3382000,3,4,0
3383000,2,4,0
3384000,3,4,0
3385000,2,4,0
3386000,2,3,0
3387000,1,3,0
3388000,1,3,0
3389000,1,2,0
3390000,3,4,0
3391000,1,4,0
3392000,1,2,0
3393000,1,4,0
3394000,1,4,0
3395000,1,3,0
3396000,1,4,0
3397000,1,3,0
3398000,1,4,0
3399000,3,4,0
3400000,3,4,0
3401000,1,2,0
3402000,1,4,0
3403000,1,4,0
3404000,3,4,0
3405000,1,4,0
3406000,2,3,0
3407000,1,4,0
3408000,3,4,0
3409000,2,4,0
3410000,2,3,0
3411000,1,3,0
3412000,1,4,0
3413000,1,3,0
3414000,2,3,0
3415000,1,3,0
3416000,1,4,0
3417000,2,3,0
3418000,2,3,0
3419000,1,3,0
3420000,1,2,0
3421000,2,3,0
3422000,2,4,0
3423000,1,4,0
3424000,2,3,0
3425000,1,2,0
3426000,2,3,0
3427000,2,4,0
3428000,3,4,0
3429000,2,3,0
3430000,2,4,0
3431000,2,3,0
3432000,3,4,0
3433000,1,2,0
3434000,1,4,0
3435000,2,3,0
3436000,1,2,0
3437000,2,4,0
3438000,1,3,0
3439000,3,4,0
3440000,1,4,0
3441000,1,3,0
3442000,1,2,0
3443000,2,4,0
3444000,1,3,0
3445000,3,4,0
3446000,1,2,0
3447000,1,2,0
3448000,2,3,0
3449000,2,4,0
3450000,1,2,0
3451000,2,3,0
3452000,1,3,0
3453000,2,3,0
3454000,3,4,0
3455000,3,4,0
3456000,2,3,0
3457000,1,3,0
3458000,1,4,0
3459000,2,4,0
3460000,3,4,0
3461000,2,3,0
3462000,1,3,0
3463000,2,4,0
3464000,1,4,0
3465000,1,4,0
3466000,3,4,0
3467000,1,2,0
3468000,1,2,0
3469000,1,4,0
3470000,3,4,0
3471000,2,4,0
3472000,1,2,0
3473000,2,3,0
3474000,2,3,0
3475000,2,3,0
3476000,2,3,0
3477000,2,4,0
3478000,3,4,0
3479000,3,4,0
3480000,2,4,0
3481000,1,2,0
3482000,1,4,0
3483000,1,2,0
3484000,2,4,0
3485000,2,3,0
3486000,3,4,0
3487000,1,3,0
3488000,1,2,0
3489000,2,4,0
3490000,1,4,0
3491000,2,3,0
3492000,1,3,0
3493000,3,4,0
3494000,1,4,0
3495000,1,4,0
3496000,1,4,0
3497000,3,4,0
3498000,1,4,0
3499000,1,2,0
3500000,1,3,0
3501000,3,4,0
3502000,2,3,0
3503000,2,4,0
3504000,2,3,0
3505000,1,4,0
3506000,1,2,0
3507000,1,4,0
3508000,2,3,0
3509000,1,3,0
3510000,3,4,0
3511000,3,4,0
3512000,2,3,0
3513000,2,4,0
3514000,3,4,0
3515000,3,4,0
3516000,1,4,0
3517000,2,3,0
3518000,3,4,0
3519000,1,4,0
3520000,2,3,0
3521000,2,4,0
3522000,1,2,0
3523000,2,3,0
3524000,1,3,0
3525000,2,4,0
3526000,3,4,0
3527000,1,4,0
3528000,1,2,0
3529000,1,2,0
3530000,1,2,0
3531000,1,2,0
3532000,1,4,0
3533000,2,4,0
3534000,1,3,0
3535000,1,2,0
3536000,1,3,0
3537000,1,3,0
3538000,2,3,0
3539000,2,4,0
3540000,1,3,0
3541000,3,4,0
3542000,2,3,0
3543000,3,4,0
3544000,3,4,0
3545000,3,4,0
3546000,1,4,0
3547000,1,4,0
3548000,1,2,0
3549000,2,3,0
3550000,1,3,0
3551000,1,3,0
3552000,3,4,0
3553000,1,3,0
3554000,1,3,0
3555000,1,4,0
3556000,1,4,0
3557000,1,3,0
3558000,2,3,0
3559000,2,3,0
3560000,2,4,0
3561000,1,3,0
3562000,2,4,0
3563000,2,3,0
3564000,2,4,0
3565000,2,3,0
3566000,2,3,0
3567000,2,4,0
3568000,3,4,0
3569000,1,2,0
3570000,1,4,0
3571000,2,4,0
3572000,2,3,0
3573000,1,3,0
3574000,1,4,0
3575000,1,3,0
3576000,1,3,0
3577000,1,2,0
3578000,3,4,0
3579000,2,4,0
3580000,3,4,0
3581000,2,3,0
3582000,1,3,0
3583000,1,2,0
3584000,2,4,0
3585000,1,2,0
3586000,1,4,0
3587000,2,3,0
3588000,3,4,0
3589000,1,4,0
3590000,2,3,0
3591000,1,4,0
3592000,2,3,0
3593000,2,3,0
3594000,1,4,0
3595000,2,4,0
3596000,2,4,0
3597000,3,4,0
3598000,2,3,0
3599000,1,4,0
3600000,2,4,0
3601000,2,3,0
3602000,2,3,0
3603000,1,2,0
3604000,1,4,0
3605000,1,3,0
3606000,3,4,0
3607000,3,4,0
3608000,2,4,0
3609000,2,4,0
3610000,1,3,0
3611000,1,4,0
3612000,3,4,0
3613000,2,3,0
3614000,3,4,0
3615000,2,4,0
3616000,1,4,0
3617000,1,4,0
3618000,1,4,0
3619000,1,2,0
3620000,1,2,0
3621000,3,4,0
3622000,3,4,0
3623000,1,4,0
3624000,1,3,0
3625000,2,3,0
3626000,2,3,0
3627000,1,3,0
3628000,3,4,0
3629000,2,4,0
3630000,2,4,0
3631000,1,3,0
3632000,1,4,0
3633000,3,4,0
3634000,2,4,0
3635000,2,4,0
3636000,3,4,0
3637000,3,4,0
3638000,3,4,0
3639000,1,2,0
3640000,1,4,0
3641000,2,3,0
3642000,3,4,0
3643000,3,4,0
3644000,1,3,0
3645000,3,4,0
3646000,1,3,0
3647000,1,3,0
3648000,1,2,0
3649000,3,4,0
3650000,1,3,0
3651000,2,4,0
3652000,3,4,0
3653000,1,2,0
3654000,1,2,0
3655000,1,2,0
3656000,3,4,0
3657000,2,4,0
3658000,1,4,0
3659000,2,4,0
3660000,1,2,0
3661000,1,2,0
3662000,2,4,0
3663000,1,3,0
3664000,2,4,0
3665000,1,4,0
3666000,1,3,0
3667000,3,4,0
3668000,2,3,0
3669000,1,3,0
3670000,2,4,0
3671000,3,4,0
3672000,1,4,0
3673000,3,4,0
3674000,1,3,0
3675000,2,3,0
3676000,3,4,0
3677000,2,3,0
3678000,1,2,0
3679000,1,3,0
3680000,1,2,0
3681000,2,4,0
3682000,1,3,0
3683000,2,4,0
3684000,1,3,0
3685000,1,2,0
3686000,1,3,0
3687000,3,4,0
3688000,3,4,0
3689000,1,3,0
3690000,2,4,0
3691000,1,2,0
3692000,1,3,0
3693000,2,4,0
3694000,1,2,0
3695000,1,4,0
3696000,1,2,0
3697000,1,4,0
3698000,1,3,0
3699000,1,2,0
3700000,1,2,0
3701000,1,3,0
3702000,1,2,0
3703000,1,3,0
3704000,1,2,0
3705000,1,2,0
3706000,2,3,0
3707000,2,4,0
3708000,2,3,0
3709000,1,3,0
3710000,2,4,0
3711000,2,4,0
3712000,1,3,0
3713000,2,4,0
3714000,3,4,0
3715000,1,2,0
3716000,2,4,0
3717000,2,4,0
3718000,2,3,0
3719000,2,3,0
3720000,1,4,0
3721000,1,2,0
3722000,1,4,0
3723000,3,4,0
3724000,1,4,0
3725000,1,3,0
3726000,1,3,0
3727000,1,3,0
3728000,2,4,0
3729000,1,3,0
3730000,3,4,0
3731000,1,2,0
3732000,1,2,0
3733000,3,4,0
3734000,2,4,0
3735000,1,2,0
3736000,1,4,0
3737000,3,4,0
3738000,1,4,0
3739000,3,4,0
3740000,2,3,0
3741000,1,3,0
3742000,3,4,0
3743000,1,3,0
3744000,2,4,0
3745000,2,3,0
3746000,2,3,0
3747000,2,3,0
3748000,2,3,0
3749000,2,3,0
3750000,1,3,0
3751000,1,2,0
3752000,3,4,0
3753000,2,3,0
3754000,3,4,0
3755000,1,3,0
3756000,3,4,0
3757000,1,4,0
3758000,2,4,0
3759000,1,2,0
3760000,1,4,0
3761000,1,3,0
3762000,1,4,0
3763000,1,2,0
3764000,2,3,0
3765000,3,4,0
3766000,1,2,0
3767000,3,4,0
3768000,1,3,0
3769000,1,4,0
3770000,2,3,0
3771000,2,3,0
3772000,1,2,0
3773000,1,4,0
3774000,2,4,0
3775000,2,4,0
3776000,3,4,0
3777000,1,2,0
3778000,2,3,0
3779000,1,4,0
3780000,1,4,0
3781000,1,4,0
3782000,2,3,0
3783000,1,4,0
3784000,1,2,0
3785000,3,4,0
3786000,1,4,0
3787000,2,4,0
3788000,2,4,0
3789000,1,3,0
3790000,1,2,0
3791000,2,3,0
3792000,2,4,0
3793000,1,4,0
3794000,2,4,0
3795000,1,2,0
3796000,2,3,0
3797000,2,4,0
3798000,1,2,0
3799000,3,4,0
3800000,2,3,0
3801000,1,4,0
3802000,1,2,0
3803000,1,4,0
3804000,1,4,0
3805000,1,4,0
3806000,3,4,0
3807000,1,4,0
3808000,2,3,0
3809000,1,4,0
3810000,1,2,0
3811000,2,4,0
3812000,2,4,0
3813000,3,4,0
3814000,1,4,0
3815000,1,4,0
3816000,2,3,0
3817000,2,4,0
3818000,1,4,0
3819000,2,4,0
3820000,1,4,0
3821000,1,4,0
3822000,1,2,0
3823000,2,3,0
3824000,2,4,0
3825000,2,3,0
3826000,2,3,0
3827000,1,4,0
3828000,1,3,0
3829000,1,3,0
3830000,1,3,0
3831000,1,4,0
3832000,1,3,0
3833000,1,4,0
3834000,2,3,0
3835000,2,4,0
3836000,1,4,0
3837000,1,4,0
3838000,2,3,0
3839000,3,4,0
3840000,1,3,0
3841000,2,4,0
3842000,1,4,0
3843000,2,4,0
3844000,3,4,0
3845000,1,3,0
3846000,1,4,0
3847000,1,4,0
3848000,1,3,0
3849000,2,4,0
3850000,3,4,0
3851000,1,3,0
3852000,2,3,0
3853000,1,2,0
3854000,2,4,0
3855000,1,2,0
3856000,3,4,0
3857000,1,4,0
3858000,1,4,0
3859000,1,4,0
3860000,3,4,0
3861000,1,4,0
3862000,2,4,0
3863000,1,4,0
3864000,2,4,0
3865000,3,4,0
3866000,2,3,0
3867000,1,2,0
3868000,2,4,0
3869000,2,3,0
3870000,3,4,0
3871000,3,4,0
3872000,1,3,0
3873000,3,4,0
3874000,1,4,0
3875000,1,3,0
3876000,2,4,0
3877000,1,3,0
3878000,2,4,0
3879000,1,4,0
3880000,2,4,0
3881000,1,2,0
3882000,2,4,0
3883000,1,4,0
3884000,1,3,0
3885000,3,4,0
3886000,2,3,0
3887000,1,4,0
3888000,2,4,0
3889000,3,4,0
3890000,1,3,0
3891000,2,3,0
3892000,1,3,0
3893000,3,4,0
3894000,1,2,0
3895000,2,4,0
3896000,1,4,0
3897000,2,4,0
3898000,3,4,0
3899000,1,4,0
3900000,1,4,0
3901000,3,4,0
3902000,3,4,0
3903000,2,3,0
3904000,1,2,0
3905000,1,2,0
3906000,2,3,0
3907000,3,4,0
3908000,1,2,0
3909000,1,2,0
3910000,2,4,0
3911000,1,3,0
3912000,1,4,0
3913000,2,4,0
3914000,1,2,0
3915000,1,4,0
3916000,1,4,0
3917000,1,4,0
3918000,2,4,0
3919000,1,2,0
3920000,1,2,0
3921000,1,4,0
3922000,2,4,0
3923000,1,4,0
3924000,1,3,0
3925000,3,4,0
3926000,3,4,0
3927000,2,3,0
3928000,1,2,0
3929000,1,3,0
3930000,2,4,0
3931000,1,4,0
3932000,2,3,0
3933000,2,3,0
3934000,1,2,0
3935000,2,3,0
3936000,1,3,0
3937000,1,4,0
3938000,2,3,0
3939000,2,3,0
3940000,3,4,0
3941000,2,3,0
3942000,2,4,0
3943000,3,4,0
3944000,1,4,0
3945000,1,4,0
3946000,1,3,0
3947000,2,3,0
3948000,1,2,0
3949000,2,4,0
3950000,1,2,0
3951000,2,4,0
3952000,1,2,0
3953000,3,4,0
3954000,2,3,0
3955000,1,2,0
3956000,1,4,0
3957000,1,4,0
3958000,2,4,0
3959000,1,4,0
3960000,1,4,0
3961000,2,4,0
3962000,1,3,0
3963000,1,3,0
3964000,1,4,0
3965000,2,4,0
3966000,2,3,0
3967000,1,2,0
3968000,2,3,0
3969000,2,4,0
3970000,1,2,0
3971000,2,4,0
3972000,3,4,0
3973000,1,3,0
3974000,2,4,0
3975000,1,4,0
3976000,2,4,0
3977000,2,4,0
3978000,3,4,0
3979000,1,2,0
3980000,1,2,0
3981000,1,2,0
3982000,1,4,0
3983000,1,2,0
3984000,1,2,0
3985000,2,3,0
3986000,1,3,0
3987000,3,4,0
3988000,1,4,0
3989000,2,3,0
3990000,1,2,0
3991000,3,4,0
3992000,1,3,0
3993000,1,3,0
3994000,1,2,0
3995000,1,4,0
3996000,1,4,0
3997000,2,4,0
3998000,2,3,0
3999000,1,3,0
4000000,3,4,0
4001000,1,4,0
4002000,3,4,0
4003000,3,4,0
4004000,2,3,0
4005000,2,3,0
4006000,1,2,0
4007000,2,4,0
4008000,1,3,0
4009000,1,4,0
4010000,2,4,0
4011000,2,4,0
4012000,2,3,0
4013000,3,4,0
4014000,3,4,0
4015000,1,2,0
4016000,1,4,0
4017000,2,4,0
4018000,1,4,0
4019000,2,3,0
4020000,2,3,0
4021000,1,4,0
4022000,2,3,0
4023000,1,2,0
4024000,2,3,0
4025000,2,3,0
4026000,3,4,0
4027000,3,4,0
4028000,2,4,0
4029000,3,4,0
4030000,3,4,0
4031000,1,3,0
4032000,1,3,0
4033000,1,4,0
4034000,2,4,0
4035000,2,3,0
4036000,3,4,0
4037000,1,2,0
4038000,1,2,0
4039000,2,4,0
4040000,3,4,0
4041000,2,4,0
4042000,3,4,0
4043000,2,3,0
4044000,1,3,0
4045000,1,4,0
4046000,1,3,0
4047000,1,4,0
4048000,1,2,0
4049000,2,3,0
4050000,2,3,0
4051000,1,4,0
4052000,3,4,0
4053000,2,4,0
4054000,1,4,0
4055000,1,3,0
4056000,2,3,0
4057000,1,4,0
4058000,1,3,0
4059000,3,4,0
4060000,1,4,0
4061000,1,3,0
4062000,2,4,0
4063000,2,4,0
4064000,3,4,0
4065000,1,2,0
4066000,1,2,0
4067000,3,4,0
4068000,2,3,0
4069000,2,4,0
4070000,3,4,0
4071000,3,4,0
4072000,1,2,0
4073000,3,4,0
4074000,1,2,0
4075000,1,3,0
4076000,3,4,0
4077000,2,4,0
4078000,3,4,0
4079000,1,3,0
4080000,3,4,0
4081000,1,4,0
4082000,2,4,0
4083000,1,3,0
4084000,3,4,0
4085000,1,2,0
4086000,2,4,0
4087000,1,4,0
4088000,2,3,0
4089000,1,4,0
4090000,3,4,0
4091000,3,4,0
4092000,2,3,0
4093000,2,4,0
4094000,1,3,0
4095000,2,3,0
4096000,1,2,0
4097000,2,4,0
4098000,1,3,0
4099000,1,2,0
4100000,1,4,0
4101000,2,3,0
4102000,2,3,0
4103000,1,3,0
4104000,1,2,0
4105000,1,2,0
4106000,1,2,0
4107000,1,4,0
4108000,1,4,0
4109000,1,3,0
4110000,1,4,0
4111000,1,2,0
4112000,1,2,0
4113000,1,3,0
4114000,3,4,0
4115000,3,4,0
4116000,2,3,0
4117000,1,4,0
4118000,2,3,0
4119000,2,4,0
4120000,1,4,0
4121000,2,3,0
4122000,3,4,0
4123000,2,4,0
4124000,1,4,0
4125000,3,4,0
4126000,2,4,0
4127000,2,4,0
4128000,1,2,0
4129000,3,4,0
4130000,1,4,0
4131000,1,2,0
4132000,1,2,0
4133000,1,4,0
4134000,2,3,0
4135000,2,3,0
4136000,1,2,0
4137000,3,4,0
4138000,2,3,0
4139000,2,3,0
4140000,2,3,0
4141000,1,3,0
4142000,1,3,0
4143000,1,2,0
4144000,2,3,0
4145000,1,2,0
4146000,1,3,0
4147000,3,4,0
4148000,2,4,0
4149000,1,4,0
4150000,3,4,0
4151000,2,3,0
4152000,2,3,0
4153000,1,4,0
4154000,2,4,0
4155000,1,3,0
4156000,1,4,0
4157000,1,4,0
4158000,1,2,0
4159000,2,3,0
4160000,1,2,0
4161000,1,2,0
4162000,2,4,0
4163000,2,3,0
4164000,1,3,0
4165000,3,4,0
4166000,1,3,0
4167000,3,4,0
4168000,2,3,0
4169000,1,4,0
4170000,1,2,0
4171000,2,3,0
4172000,1,4,0
4173000,1,3,0
4174000,2,3,0
4175000,1,2,0
4176000,2,4,0
4177000,2,4,0
4178000,1,3,0
4179000,1,2,0
4180000,3,4,0
4181000,2,4,0
4182000,1,3,0
4183000,1,4,0
4184000,1,4,0
4185000,1,3,0
4186000,1,3,0
4187000,3,4,0
4188000,1,3,0
4189000,1,3,0
4190000,1,4,0
4191000,2,4,0
4192000,1,4,0
4193000,2,3,0
4194000,2,3,0
4195000,1,2,0
4196000,2,3,0
4197000,2,4,0
4198000,1,2,0
4199000,1,3,0
4200000,2,3,0
4201000,1,2,0
4202000,1,4,0
4203000,2,4,0
4204000,1,3,0
4205000,1,2,0
4206000,1,4,0
4207000,1,2,0
4208000,1,3,0
4209000,1,2,0
4210000,1,4,0
4211000,3,4,0
4212000,2,3,0
4213000,1,3,0
4214000,1,3,0
4215000,1,3,0
4216000,1,3,0
4217000,2,3,0
4218000,2,3,0
4219000,3,4,0
4220000,1,4,0
4221000,1,3,0
4222000,3,4,0
4223000,1,4,0
4224000,1,3,0
4225000,2,3,0
4226000,2,4,0
4227000,2,3,0
4228000,2,3,0
4229000,2,4,0
4230000,2,3,0
4231000,1,2,0
4232000,3,4,0
4233000,2,4,0
4234000,1,3,0
4235000,2,3,0
4236000,1,3,0
4237000,2,4,0
4238000,3,4,0
4239000,1,4,0
4240000,1,3,0
4241000,1,2,0
4242000,1,2,0
4243000,3,4,0
4244000,2,3,0
4245000,1,4,0
4246000,2,3,0
4247000,1,3,0
4248000,2,3,0
4249000,3,4,0
4250000,2,3,0
4251000,3,4,0
4252000,1,4,0
4253000,2,4,0
4254000,1,3,0
4255000,2,4,0
4256000,1,3,0
4257000,1,4,0
4258000,2,4,0
4259000,2,4,0
4260000,2,4,0
4261000,3,4,0
4262000,2,4,0
4263000,1,2,0
4264000,3,4,0
4265000,2,4,0
4266000,1,3,0
4267000,2,4,0
4268000,2,3,0
4269000,1,3,0
4270000,2,3,0
4271000,1,3,0
4272000,2,3,0
4273000,1,3,0
4274000,2,4,0
4275000,2,4,0
4276000,2,4,0
4277000,1,3,0
4278000,2,3,0
4279000,1,2,0
4280000,2,3,0
4281000,2,4,0
4282000,1,2,0
4283000,1,2,0
4284000,1,2,0
4285000,1,4,0
4286000,1,3,0
4287000,1,3,0
4288000,2,4,0
4289000,1,2,0
4290000,2,4,0
4291000,1,4,0
4292000,1,4,0
4293000,2,3,0
4294000,1,4,0
4295000,1,3,0
4296000,2,3,0
4297000,2,3,0
4298000,1,4,0
4299000,1,3,0
4300000,3,4,0
4301000,1,3,0
4302000,1,4,0
4303000,1,4,0
4304000,1,4,0
4305000,3,4,0
4306000,1,4,0
4307000,1,4,0
4308000,1,2,0
4309000,1,4,0
4310000,1,3,0
4311000,2,3,0
4312000,1,2,0
4313000,1,2,0
4314000,2,3,0
4315000,1,2,0
4316000,1,3,0
4317000,3,4,0
4318000,1,2,0
4319000,1,2,0
4320000,1,2,0
4321000,1,4,0
4322000,1,3,0
4323000,1,3,0
4324000,1,4,0
4325000,1,4,0
4326000,2,3,0
4327000,1,4,0
4328000,3,4,0
4329000,1,4,0
4330000,1,2,0
4331000,1,4,0
4332000,2,4,0
4333000,1,4,0
4334000,1,2,0
4335000,1,3,0
4336000,3,4,0
4337000,2,3,0
4338000,1,2,0
4339000,2,4,0
4340000,1,3,0
4341000,2,4,0
4342000,2,4,0
4343000,1,2,0
4344000,2,3,0
4345000,2,3,0
4346000,1,4,0
4347000,1,3,0
4348000,2,4,0
4349000,1,2,0
4350000,2,3,0
4351000,2,4,0
4352000,1,4,0
4353000,2,3,0
4354000,3,4,0
4355000,1,4,0
4356000,1,2,0
4357000,2,3,0
4358000,3,4,0
4359000,2,3,0
4360000,2,4,0
4361000,2,3,0
4362000,1,3,0
4363000,1,2,0
4364000,1,3,0
4365000,2,4,0
4366000,2,3,0
4367000,3,4,0
4368000,1,4,0
4369000,3,4,0
4370000,3,4,0
4371000,1,4,0
4372000,3,4,0
4373000,2,4,0
4374000,1,3,0
4375000,3,4,0
4376000,2,4,0
4377000,1,4,0
4378000,2,3,0
4379000,1,2,0
4380000,2,3,0
4381000,3,4,0
4382000,2,3,0
4383000,1,4,0
4384000,1,3,0
4385000,2,4,0
4386000,2,4,0
4387000,2,4,0
4388000,1,3,0
4389000,1,2,0
4390000,1,3,0
4391000,1,3,0
4392000,2,3,0
4393000,2,4,0
4394000,1,4,0
4395000,3,4,0
4396000,1,4,0
4397000,1,3,0
4398000,1,4,0
4399000,1,4,0
4400000,1,2,0
4401000,2,3,0
4402000,3,4,0
4403000,3,4,0
4404000,1,4,0
4405000,2,3,0
4406000,2,4,0
4407000,1,3,0
4408000,3,4,0
4409000,1,4,0
4410000,2,4,0
4411000,1,3,0
4412000,3,4,0
4413000,1,4,0
4414000,3,4,0
4415000,2,3,0
4416000,1,4,0
4417000,1,3,0
4418000,1,4,0
4419000,1,3,0
4420000,3,4,0
4421000,1,4,0
4422000,3,4,0
4423000,3,4,0
4424000,1,3,0
4425000,3,4,0
4426000,1,4,0
4427000,3,4,0
4428000,1,3,0
4429000,2,3,0
4430000,3,4,0
4431000,2,3,0
4432000,2,4,0
4433000,1,2,0
4434000,2,3,0
4435000,1,4,0
4436000,1,4,0
4437000,2,3,0
4438000,2,3,0
4439000,1,3,0
4440000,2,4,0
4441000,1,2,0
4442000,3,4,0
4443000,2,3,0
4444000,2,3,0
4445000,1,3,0
4446000,2,3,0
4447000,1,3,0
4448000,2,4,0
4449000,1,4,0
4450000,2,3,0
4451000,3,4,0
4452000,1,4,0
4453000,1,2,0
4454000,1,2,0
4455000,2,4,0
4456000,3,4,0
4457000,2,4,0
4458000,2,3,0
4459000,1,4,0
4460000,3,4,0
4461000,2,3,0
4462000,1,2,0
4463000,1,3,0
4464000,1,3,0
4465000,1,3,0
4466000,1,3,0
4467000,1,3,0
4468000,2,3,0
4469000,1,3,0
4470000,2,3,0
4471000,1,2,0
4472000,2,4,0
4473000,1,3,0
4474000,1,2,0
4475000,1,3,0
4476000,2,4,0
4477000,2,4,0
4478000,3,4,0
4479000,1,2,0
4480000,2,3,0
4481000,2,3,0
4482000,2,3,0
4483000,1,4,0
4484000,2,3,0
4485000,3,4,0
4486000,1,4,0
4487000,1,4,0
4488000,2,4,0
4489000,1,3,0
4490000,2,3,0
4491000,2,3,0
4492000,1,2,0
4493000,3,4,0
4494000,3,4,0
4495000,1,4,0
4496000,1,2,0
4497000,1,4,0
4498000,1,3,0
4499000,3,4,0
4500000,1,4,0
